20230_關都地區
20231_寶可夢中心
20232_寶可夢商店
20233_狩獵地帶

20240_地鼠洞窟
320240	20230	333	335	20240	43	9
320240	20240	43	9	20230	333	335
320240	20240	45	4	20240	45	41
320240	20240	45	41	20240	45	4
320240	20240	6	2	20240	8	42
320240	20240	8	42	20240	6	2
320240	20240	6	47	20230	139	132
320240	20230	139	132	20240	6	47


20241_月見山
320241	20230	229	82	20241	20	47
320241	20241	20	47	20230	229	82
320241	20241	22	13	20241	29	104
320241	20241	29	104	20241	22	13
320241	20241	38	15	20241	34	89
320241	20241	34	89	20241	38	15
320241	20241	7	6	20230	254	46
320241	20230	254	46	20241	7	6
320241	20230	255	53	20241	18	114
320241	20241	18	114	20230	255	53
320241	20241	7	89	20230	255	71
320241	20230	255	71	20241	7	89


20242_發電廠
320242	20230	401	168	20242	7	47
320242	20230	400	168	20242	6	47
320242	20242	7	47	20230	401	168
320242	20242	6	47	20230	400	168
320242	20242	1	15	20230	400	168
320242	20242	1	16	20230	401	168


20243_岩山隧道
320243	20230	407	135	20243	23	3
320243	20243	23	3	20230	407	135
320243	20243	46	5	20243	42	112
320243	20243	42	112	20243	46	5
320243	20243	37	84	20243	6	4
320243	20243	6	4	20243	37	84
320243	20243	22	13	20243	28	94
320243	20243	28	94	20243	22	13
320243	20243	5	84	20243	46	21
320243	20243	46	21	20243	5	84
320243	20243	20	47	20230	407	191
320243	20230	407	191	20243	20	47


20244_雙子島
#雙子島1F
320244	20230	197	545	20244	10	47
320244	20244	10	47	20230	197	545
320244	20244	38	39	20244	38	119
320244	20244	38	119	20244	38	39
320244	20244	43	8	20244	43	88
320244	20244	43	88	20244	43	8
320244	20244	16	10	20244	16	90
320244	20244	16	90	20244	16	10
320244	20230	214	552	20244	40	47
320244	20244	40	47	20230	214	552
#雙子島2F
320244	20244	44	113	20244	44	193
320244	20244	44	193	20244	44	113
320244	20244	31	122	20244	31	202
320244	20244	31	202	20244	31	122
320244	20244	22	101	20244	22	178
320244	20244	22	178	20244	22	101
320244	20244	10	86	20244	10	168
320244	20244	10	168	20244	10	86
#雙子島3F
320244	20244	42	196	20244	125	79
320244	20244	125	79	20244	42	196
320244	20244	45	169	20244	125	52
320244	20244	125	52	20244	45	169
320244	20244	9	196	20244	92	74
320244	20244	92	74	20244	9	196
#雙子島4F
320244	20244	122	54	20244	127	134
320244	20244	127	134	20244	122	54
320244	20244	97	59	20244	102	142
320244	20244	102	142	20244	97	59
#雙子島掉落
320244	20244	26	16	20244	26	96
320244	20244	41	16	20244	41	96
320244	20244	30	99	20244	30	175
320244	20244	39	99	20244	39	175


20245_冠軍之路
320245	20230	48	160	20245	17	31
320245	20245	17	31	20230	48	160
320245	20245	8	4	20245	10	59
320245	20245	10	59	20245	8	4
320245	20245	46	68	20245	56	113
320245	20245	56	113	20245	46	68
320245	20245	49	59	20245	54	105
320245	20245	54	105	20245	49	59
320245	20245	44	58	20245	48	103
320245	20245	48	103	20245	44	58
320245	20245	11	96	20245	9	51
320245	20245	9	51	20245	11	96
320245	20245	47	113	20245	47	71
320245	20245	60	65	20230	49	146
320245	20230	46	146	20245	60	65
320245	20230	47	146	20245	60	65
320245	20230	48	146	20245	60	65
320245	20230	49	146	20245	60	65
320245	20230	50	146	20245	60	65
320245	20230	51	146	20245	60	65


#火箭隊總部
320246	20230	206	236	20246	16	2
320246	20246	16	2	202330	206	236
320246	20246	15	2	202330	206	236
320246	20246	20	2	20246	32	75
320246	20246	32	74	20246	20	2
320246	20246	32	75	20246	20	2
320246	20246	16	31	20246	26	84
320246	20246	26	83	20246	16	31
320246	20246	26	84	20246	16	31
320246	20246	23	74	20246	97	9
320246	20246	97	8	20246	23	74
320246	20246	97	9	20246	23	74
320246	20246	84	34	20246	83	83
320246	20246	83	82	20246	84	34
320246	20246	83	83	20246	84	34
#火箭隊總部電梯
320246	20246	30	88	20246	50	55
320246	20246	50	55	20246	30	88
320246	20246	30	27	20246	32	55
320246	20246	32	55	20246	30	27
320246	20246	95	92	20246	68	55
320246	20246	68	55	20246	95	92

