#id	AI名称	稀有度	等级	类型	职类	策略1	策略2	策略3	策略4	策略5	策略6	策略7	策略8	策略9	策略10
10	鹘AI LV1	1	1	0	60	95,7,6300	203,48,6709	97,46,6800	98,47,6800	96,7,6300	106,7,6100	202,48,6709	201,48,6709	0,2,2005	
11	鹘AI LV2	1	2	0	60	95,7,6301	203,48,6709	97,46,6801	98,47,6801	96,7,6301	106,7,6101	202,48,6709	201,48,6709	0,2,2005	
12	鹘AI LV3	1	3	0	60	95,7,6302	203,48,6709	97,46,6802	98,47,6802	96,7,6302	106,7,6102	202,48,6709	201,48,6709	0,2,2005	
13	鹘AI LV4	1	4	0	60	95,7,6303	203,48,6709	97,46,6803	98,47,6803	96,7,6303	106,7,6103	202,48,6709	201,48,6709	0,2,2005	
14	鹘AI LV5	1	5	0	60	95,7,6304	203,48,6709	97,46,6804	98,47,6804	96,7,6304	106,7,6104	202,48,6709	201,48,6709	0,2,2005	
15	鹘AI LV6	1	6	0	60	95,7,6305	203,48,6709	97,46,6805	98,47,6805	96,7,6305	106,7,6105	202,48,6709	201,48,6709	0,2,2005	
16	鹘AI LV7	1	7	0	60	95,7,6306	203,48,6709	97,46,6806	98,47,6806	96,7,6306	106,7,6106	202,48,6709	201,48,6709	0,2,2007	
17	鹘AI LV8	1	8	0	60	95,7,6306	203,48,6709	97,46,6806	98,47,6806	96,7,6306	106,7,6106	202,48,6709	201,48,6709	0,2,2007	
18	鹘AI LV9	1	9	0	60	95,7,6306	203,48,6709	97,46,6806	98,47,6806	96,7,6306	106,7,6106	202,48,6709	201,48,6709	0,2,2007	
19	鹘AI LV10	1	10	0	60	95,7,6306	203,48,6709	97,46,6806	98,47,6806	96,7,6306	106,7,6106	202,48,6709	201,48,6709	0,2,2007	
20	鸶AI LV1	1	1	0	20	8,0,1260	0,2,300								
21	鸶AI LV2	1	2	0	20	8,0,1260	103,2,301	0,2,2							
22	鸶AI LV3	1	3	0	20	8,0,1260	103,2,302	0,2,3							
23	鸶AI LV4	1	4	0	20	8,0,1260	103,2,303	0,2,3							
24	鸶AI LV5	1	5	0	20	8,0,1260	103,2,304	0,2,3							
25	鸶AI LV6	1	6	0	20	8,0,1260	103,2,305	0,2,3							
26	鸶AI LV7	1	7	0	20	8,0,1260	103,2,306	0,2,3							
27	鸶AI LV8	1	8	0	20	8,0,1260	103,2,307	0,2,3							
28	鸶AI LV9	1	9	0	20	8,0,1260	103,2,308	0,2,3							
29	鸶AI LV10	1	10	0	20	8,0,1260	103,2,309	0,2,3							
30	κAI LV1	1	1	0	10	8,0,1260	0,2,300								
31	κAI LV2	1	2	0	10	8,0,1260	103,2,301	0,2,3							
32	κAI LV3	1	3	0	10	8,0,1260	103,2,302	0,2,3							
33	κAI LV4	1	4	0	10	8,0,1260	103,2,303	0,2,3							
34	κAI LV5	1	5	0	10	8,0,1260	103,2,304	0,2,3							
35	κAI LV6	1	6	0	10	8,0,1260	103,2,305	0,2,3							
36	κAI LV7	1	7	0	10	8,0,1260	103,2,306	0,2,3							
37	κAI LV8	1	8	0	10	8,0,1260	103,2,307	0,2,3							
38	κAI LV9	1	9	0	10	8,0,1260	103,2,308	0,2,3							
39	κAI LV10	1	10	0	10	8,0,1260	103,2,309	0,2,3							
40	T士AI LV1	1	1	0	30	8,0,1260	107,7,26100	105,7,700	0,2,300						
41	T士AI LV2	1	2	0	30	8,0,1260	107,7,26101	105,7,701	103,2,301	0,2,3					
42	T士AI LV3	1	3	0	30	8,0,1260	107,7,26102	105,7,702	103,2,302	0,2,3					
43	T士AI LV4	1	4	0	30	8,0,1260	107,7,26103	105,7,703	103,2,303	0,2,3					
44	T士AI LV5	1	5	0	30	8,0,1260	107,7,26104	105,7,704	103,2,304	0,2,3					
45	T士AI LV6	1	6	0	30	8,0,1260	107,7,26105	105,7,705	103,2,305	0,2,3					
46	T士AI LV7	1	7	0	30	8,0,1260	107,7,26106	105,7,706	103,2,306	0,2,3					
47	T士AI LV8	1	8	0	30	8,0,1260	107,7,26107	105,7,707	103,2,307	0,2,3					
48	T士AI LV9	1	9	0	30	8,0,1260	107,7,26108	105,7,708	103,2,308	0,2,3					
49	T士AI LV10	1	10	0	30	8,0,1260	107,7,26109	105,7,709	103,2,309	0,2,3					
50	弓手AI LV1	1	1	0	40	8,0,1260	103,2,300	0,2,9500							
51	弓手AI LV2	1	2	0	40	8,0,1260	103,2,301	0,2,9501							
52	弓手AI LV3	1	3	0	40	8,0,1260	103,2,302	0,2,9502							
53	弓手AI LV4	1	4	0	40	8,0,1260	103,2,303	0,2,9503							
54	弓手AI LV5	1	5	0	40	8,0,1260	103,2,304	0,2,9504							
55	弓手AI LV6	1	6	0	40	8,0,1260	103,2,305	0,2,9505							
56	弓手AI LV7	1	7	0	40	8,0,1260	103,2,306	0,2,9506							
57	弓手AI LV8	1	8	0	40	8,0,1260	103,2,307	0,2,9506							
58	弓手AI LV9	1	9	0	40	8,0,1260	103,2,308	0,2,9506							
59	弓手AI LV10	1	10	0	40	8,0,1260	103,2,309	0,2,9506							
60	地傩阅ХLV1	1	1	0	70	8,4,3100	103,2,1900	0,2,2700							
61	地傩阅ХLV2	1	2	0	70	8,4,3101	103,2,1901	0,2,2701							
62	地傩阅ХLV3	1	3	0	70	8,4,3102	103,2,1902	0,2,2702							
63	地傩阅ХLV4	1	4	0	70	8,4,3103	103,2,1903	0,2,2703							
64	地傩阅ХLV5	1	5	0	70	8,4,3104	103,2,1904	0,2,2704							
65	地傩阅ХLV6	1	6	0	70	8,4,3105	103,2,1905	0,2,2705							
66	地傩阅ХLV7	1	7	0	70	8,4,3106	103,2,1906	0,2,2706							
67	地傩阅ХLV8	1	8	0	70	8,4,3106	103,2,1906	0,2,2706							
68	地傩阅ХLV9	1	9	0	70	8,4,3106	103,2,1906	0,2,2706							
69	地傩阅ХLV10	1	10	0	70	8,4,3106	103,2,1906	0,2,2706							
70	水傩阅ХLV1	1	1	0	70	8,4,3100	103,2,2000	0,2,2800							
71	水傩阅ХLV2	1	2	0	70	8,4,3101	103,2,2001	0,2,2801							
72	水傩阅ХLV3	1	3	0	70	8,4,3102	103,2,2002	0,2,2802							
73	水傩阅ХLV4	1	4	0	70	8,4,3103	103,2,2003	0,2,2803							
74	水傩阅ХLV5	1	5	0	70	8,4,3104	103,2,2004	0,2,2804							
75	水傩阅ХLV6	1	6	0	70	8,4,3105	103,2,2005	0,2,2805							
76	水傩阅ХLV7	1	7	0	70	8,4,3106	103,2,2006	0,2,2806							
77	水傩阅ХLV8	1	8	0	70	8,4,3106	103,2,2006	0,2,2806							
78	水傩阅ХLV9	1	9	0	70	8,4,3106	103,2,2006	0,2,2806							
79	水傩阅ХLV10	1	10	0	70	8,4,3106	103,2,2006	0,2,2806							
80	火傩阅ХLV1	1	1	0	70	8,4,3100	103,2,2100	0,2,2900							
81	火傩阅ХLV2	1	2	0	70	8,4,3101	103,2,2101	0,2,2901							
82	火傩阅ХLV3	1	3	0	70	8,4,3102	103,2,2102	0,2,2902							
83	火傩阅ХLV4	1	4	0	70	8,4,3103	103,2,2103	0,2,2903							
84	火傩阅ХLV5	1	5	0	70	8,4,3104	103,2,2104	0,2,2904							
85	火傩阅ХLV6	1	6	0	70	8,4,3105	103,2,2105	0,2,2905							
86	火傩阅ХLV7	1	7	0	70	8,4,3106	103,2,2106	0,2,2906							
87	火傩阅ХLV8	1	8	0	70	8,4,3106	103,2,2106	0,2,2906							
88	火傩阅ХLV9	1	9	0	70	8,4,3106	103,2,2106	0,2,2906							
89	火傩阅ХLV10	1	10	0	70	8,4,3106	103,2,2106	0,2,2906							
90	L傩阅ХLV1	1	1	0	70	8,4,3100	103,2,2200	0,2,3000							
91	L傩阅ХLV2	1	2	0	70	8,4,3101	103,2,2201	0,2,3001							
92	L傩阅ХLV3	1	3	0	70	8,4,3102	103,2,2202	0,2,3002							
93	L傩阅ХLV4	1	4	0	70	8,4,3103	103,2,2203	0,2,3003							
94	L傩阅ХLV5	1	5	0	70	8,4,3104	103,2,2204	0,2,3004							
95	L傩阅ХLV6	1	6	0	70	8,4,3105	103,2,2205	0,2,3005							
96	L傩阅ХLV7	1	7	0	70	8,4,3106	103,2,2206	0,2,3006							
97	L傩阅ХLV8	1	8	0	70	8,4,3106	103,2,2206	0,2,3006							
98	L傩阅ХLV9	1	9	0	70	8,4,3106	103,2,2206	0,2,3006							
99	L傩阅ХLV10	1	10	0	70	8,4,3106	103,2,2206	0,2,3006							
100	格YAI LV1	1	1	0	140	8,0,1260	104,2,400	0,2,400							
101	格YAI LV2	1	2	0	140	8,0,1260	104,2,401	0,2,401							
102	格YAI LV3	1	3	0	140	8,0,1260	104,2,402	0,2,402							
103	格YAI LV4	1	4	0	140	8,0,1260	104,2,402	0,2,403							
104	格YAI LV5	1	5	0	140	8,0,1260	104,2,402	0,2,404							
105	格YAI LV6	1	6	0	140	8,0,1260	104,2,402	0,2,405							
106	格YAI LV7	1	7	0	140	8,0,1260	104,2,402	0,2,406							
107	格YAI LV8	1	8	0	140	8,0,1260	104,2,402	0,2,407							
108	格YAI LV9	1	9	0	140	8,0,1260	104,2,402	0,2,408							
109	格YAI LV10	1	10	0	140	8,0,1260	104,2,402	0,2,409							
110	合粞少-通用	1	1	0	-1	8,0,1260	0,6,-100								
111	合粞多-通用	1	1	0	-1	8,0,1260	0,4,-100								
112	英雄防R-通用	1	1	0	-1	8,0,1260	0,0,-200								
113	物合粞少	1	1	1	-1	8,0,1260	0,6,-100								
114	物合粞多	1	1	1	-1	8,0,1260	0,4,-100								
115	物防R	1	1	1	-1	8,0,1260	0,0,-200								
116	物乾坤LV1	1	1	1	-1	8,0,1260	0,2,301								
#117	物乾坤LV2	1	3	1	-1	8,0,1260	0,2,303								
118	物乾坤LV3	1	5	1	-1	8,0,1260	0,2,303								
#119	物乾坤LV4	1	7	1	-1	8,0,1260	0,2,303								
120	物乾坤LV5	1	9	1	-1	8,0,1260	0,2,303								
121	物BLV1	1	1	1	-1	8,0,1260	0,2,1								
#122	物BLV2	1	3	1	-1	8,0,1260	0,2,3								
123	物BLV3	1	5	1	-1	8,0,1260	0,2,5								
#124	物BLV4	1	7	1	-1	8,0,1260	0,2,7								
125	物BLV5	1	9	1	-1	8,0,1260	0,2,9								
126	物崩	1	1	1	-1	8,0,1260	0,2,504								
127	物ol	1	1	1	-1	8,0,1260	0,7,704								
128	地傩阅ХLV1	1	1	1	-1	8,4,3100	103,2,1900	0,2,2700							
#129	地傩阅ХLV2	1	2	1	-1	8,4,3101	103,2,1901	0,2,2701							
#130	地傩阅ХLV3	1	3	1	-1	8,4,3102	103,2,1902	0,2,2702							
131	地傩阅ХLV4	1	4	1	-1	8,4,3103	103,2,1903	0,2,2703							
#132	地傩阅ХLV5	1	5	1	-1	8,4,3104	103,2,1904	0,2,2704							
#133	地傩阅ХLV6	1	6	1	-1	8,4,3105	103,2,1905	0,2,2705							
134	地傩阅ХLV7	1	7	1	-1	8,4,3106	103,2,1906	0,2,2706							
#135	地傩阅ХLV8	1	8	1	-1	8,4,3106	103,2,1906	0,2,2706							
#136	地傩阅ХLV9	1	9	1	-1	8,4,3106	103,2,1906	0,2,2706							
137	地傩阅ХLV10	1	10	1	-1	8,4,3106	103,2,1906	0,2,2706							
138	水傩阅ХLV1	1	1	1	-1	8,4,3100	103,2,2000	0,2,2800							
#139	水傩阅ХLV2	1	2	1	-1	8,4,3101	103,2,2001	0,2,2801							
#140	水傩阅ХLV3	1	3	1	-1	8,4,3102	103,2,2002	0,2,2802							
141	水傩阅ХLV4	1	4	1	-1	8,4,3103	103,2,2003	0,2,2803							
#142	水傩阅ХLV5	1	5	1	-1	8,4,3104	103,2,2004	0,2,2804							
#143	水傩阅ХLV6	1	6	1	-1	8,4,3105	103,2,2005	0,2,2805							
144	水傩阅ХLV7	1	7	1	-1	8,4,3106	103,2,2006	0,2,2806							
#145	水傩阅ХLV8	1	8	1	-1	8,4,3106	103,2,2006	0,2,2806							
#146	水傩阅ХLV9	1	9	1	-1	8,4,3106	103,2,2006	0,2,2806							
147	水傩阅ХLV10	1	10	1	-1	8,4,3106	103,2,2006	0,2,2806							
148	火傩阅ХLV1	1	1	1	-1	8,4,3100	103,2,2100	0,2,2900							
#149	火傩阅ХLV2	1	2	1	-1	8,4,3101	103,2,2101	0,2,2901							
#150	火傩阅ХLV3	1	3	1	-1	8,4,3102	103,2,2102	0,2,2902							
151	火傩阅ХLV4	1	4	1	-1	8,4,3103	103,2,2103	0,2,2903							
#152	火傩阅ХLV5	1	5	1	-1	8,4,3104	103,2,2104	0,2,2904							
#153	火傩阅ХLV6	1	6	1	-1	8,4,3105	103,2,2105	0,2,2905							
154	火傩阅ХLV7	1	7	1	-1	8,4,3106	103,2,2106	0,2,2906							
#155	火傩阅ХLV8	1	8	1	-1	8,4,3106	103,2,2106	0,2,2906							
#156	火傩阅ХLV9	1	9	1	-1	8,4,3106	103,2,2106	0,2,2906							
157	火傩阅ХLV10	1	10	1	-1	8,4,3106	103,2,2106	0,2,2906							
158	L傩阅ХLV1	1	1	1	-1	8,4,3100	103,2,2200	0,2,3000							
#159	L傩阅ХLV2	1	2	1	-1	8,4,3101	103,2,2201	0,2,3001							
#160	L傩阅ХLV3	1	3	1	-1	8,4,3102	103,2,2202	0,2,3002							
161	L傩阅ХLV4	1	4	1	-1	8,4,3103	103,2,2203	0,2,3003							
#162	L傩阅ХLV5	1	5	1	-1	8,4,3104	103,2,2204	0,2,3004							
#163	L傩阅ХLV6	1	6	1	-1	8,4,3105	103,2,2205	0,2,3005							
164	L傩阅ХLV7	1	7	1	-1	8,4,3106	103,2,2206	0,2,3006							
#165	L傩阅ХLV8	1	8	1	-1	8,4,3106	103,2,2206	0,2,3006							
#166	L傩阅ХLV9	1	9	1	-1	8,4,3106	103,2,2206	0,2,3006							
167	L傩阅ХLV10	1	10	1	-1	8,4,3106	103,2,2206	0,2,3006							
168	鹘坛恢AI LV10	1	10	0	60	89,5,6629	95,7,6310	203,48,6709	97,46,6809	98,47,6809	96,7,6310	106,7,6109	202,48,6709	201,48,6702	0,2,26720
#169	宠物气功蛋LV10	1	1	1	-1	8,0,1260	103,2,309	0,2,450							
170	士兵地魔法	1	1	0	50	8,4,3109	103,2,1909	0,2,2799							
171	士兵水魔法	1	1	0	50	8,4,3109	103,2,2009	0,2,2899							
172	士兵火魔法	1	1	0	50	8,4,3109	103,2,2109	0,2,2999							
173	士兵L魔法	1	1	0	50	8,4,3109	103,2,2209	0,2,3099							
174	士兵夤	1	1	0	50	8,0,1260	104,2,402	0,2,499							
175	士兵ol追月	1	1	0	50	8,0,1260	107,7,26109	105,7,709	103,2,309	0,2,200509	0,6,-100				
#
200	破h者AI	1	1	0	1100	8,0,1203	107,0,26103	0,2,200502	0,6,-100						
201	逐L者AI	1	1	0	1110	8,0,1203	97,46,6803	0,2,9503	0,6,-100						
202	星Z者AI	1	1	0	1120	8,9,3103	58,2,2303	55,2,2403	59,2,2503	56,2,2603	82,2,2003				
203	演武者AI	1	1	0	1130	8,0,1203	30,4,503	0,2,403	0,6,-100						
204	刃影行者AI	1	4	0	1200	8,0,1206	107,0,26106	0,2,200505	98,47,6803	0,6,-100					
205	夜[射手AI	1	4	0	1210	8,0,1206	97,46,6803	0,2,9506	0,6,-100						
206	h星行者AI	1	4	0	1220	8,0,1205	30,4,605	0,2,405	201,48,6705	0,6,-100					
207	信仰行者AI	1	4	0	1230	108,5,6106	96,7,6206	202,48,6706	98,47,6806	0,6,-100					
208	空t者AI	1	4	0	1240	8,9,3106	58,2,2306	55,2,2406	59,2,2506	56,2,2606	82,2,2006				
209	秘法者AI	1	4	0	1250	108,5,6105	58,2,3806	55,2,4006	59,2,4206	98,47,6805	0,6,-100				
210	元素匠AI	1	4	0	1260	108,5,6105	89,5,6506	60,5,6506	25,5,5706	24,5,5906	0,6,-100				
211	鸹晷姓AI	1	4	0	1270	8,0,1206	30,4,506	0,2,406	0,6,-100						
#
300	o星落	1	7	0	1300	8,0,1209	84,2,9509	82,2,200503	98,47,6805	0,6,-100					
301	t爆	1	7	0	1310	8,0,1209	84,2,499	82,2,200599	98,47,6805	0,6,-100					
302	o寂	1	7	0	1320	8,9,3109	58,2,2706	55,2,2806	59,2,2906	56,2,3006	82,2,200599				
303	裂天狂u	1	7	0	1330	8,4,8109	84,2,200506	82,2,609	98,47,6805	0,6,-100					
304	EVA初C	1	7	0	1340	8,0,1209	85,2,11103	83,2,11103	98,47,6805	0,6,-100					
305	EVA零C	1	7	0	1350	8,0,1209	85,2,200506	83,2,200506	98,47,6805	0,6,-100					
306	EVAEC	1	7	0	1360	8,0,1209	85,2,11106	83,2,11106	98,47,6805	0,6,-100					
307	o上至尊	1	7	0	1370	108,5,5909	96,7,6609	202,48,6709	98,47,6806	0,6,-100					
308	守o者管	1	7	0	1380	8,4,6107	58,2,3809	55,2,4009	59,2,4809	98,47,6807	0,6,-100				
309	最守o者	1	7	0	1390	8,4,8109	85,2,200509	83,2,200509	108,5,6609	0,6,-100					
310	恼Saber	1	7	0	1400	8,0,1209	85,2,200500	83,2,200500	98,47,6805	0,6,-100					
311	恼Archer	1	7	0	1410	8,0,1209	85,2,200503	83,2,200503	98,47,6805	0,6,-100					
312	恼Lancer	1	7	0	1420	8,0,1209	85,2,200509	83,2,200509	107,7,26109	0,6,-100					
313	八神流古武g	1	7	0	1430	8,0,1209	83,2,499	82,2,609	98,47,6805	0,6,-100					
314	草S流古武g	1	7	0	1440	8,0,1209	83,2,499	82,2,509	98,47,6805	0,6,-100					
315	}魔混世皇	1	7	0	1450	108,5,6207	0,2,11109	107,7,26109	201,48,6707	0,6,-100					
316	破牡谋┚	1	7	0	1460	8,4,8109	0,2,11106	83,2,9409	98,47,6805	0,6,-100					
317	赫怒王	1	7	0	1470	8,4,6109	0,2,2909	83,2,2509	82,2,2109	0,6,-100					
318	神巫女	1	7	0	1480	108,5,6409	96,7,6309	202,48,6709	98,47,6809	0,6,-100					
#
600	英雄AI LV1	1	1	0	480	8,0,1260	104,2,400	0,2,499							
601	英雄AI LV2	1	2	0	480	8,0,1260	104,2,401	0,2,499						
602	英雄AI LV3	1	3	0	480	8,0,1260	104,2,402	0,2,499						
603	英雄AI LV4	1	4	0	480	8,0,1260	104,2,402	0,2,499						
604	英雄AI LV5	1	5	0	480	8,0,1260	104,2,402	0,2,499							
605	英雄AI LV6	1	6	0	480	8,0,1260	104,2,402	0,2,499							
606	英雄AI LV7	1	7	0	480	8,0,1260	104,2,402	0,2,499							
607	英雄AI LV8	1	8	0	480	8,0,1260	104,2,402	0,2,499							
608	英雄AI LV9	1	9	0	480	8,0,1260	104,2,402	0,2,499						
609	英雄AI LV10	1	10	0	480	8,0,1260	104,2,402	0,2,499						
#															
# 宠物 明镜, 气功弹, 乾坤															
240	物C合物理攻簟LV1	1	1	1	-1	7,0,1201	86,6,401	103,6,330	0,6,-100						
241	物C合物理攻簟LV2	1	3	1	-1	7,0,1203	86,6,403	103,6,332	0,6,-100						
242	物C合物理攻簟LV3	1	5	1	-1	7,0,1205	86,6,405	103,6,334	0,6,-100						
243	物C合物理攻簟LV4	1	7	1	-1	7,0,1207	86,6,407	103,6,336	0,6,-100						
244	物C合物理攻簟LV5	1	9	1	-1	7,0,1209	86,6,407	103,6,338	0,6,-100						
#250	物C合物理攻簟LEX		1	10	1	-1	7,0,1250	86,6,407	103,6,358	0,6,-100						
													