裂的地下道	地下		1	0	1	1	14400	0	11012	7	23	7	23	0	11012	7	23	7	23	1	1	7623	100	0	0	0	0	0	0	0	17954	0	103012	17954	17955	0	0	1	2	3	40	50	40	50	15	20	15	20	14000	1	1	1	1	0	215	1	12219	100	10	1	12220	100	10	1	12221	100	10	1	12222	100	10	1	12223	100	10	1	12207	100	10	1	12208	100	10	1	12209	100	10	1	12210	100	10	1	12213	100	10	1				-1	80003	100	80004	100	80005	100											201	12
牛鬼的洞窟			2	0	1	1	14400	0	11017	16	10	16	10	0	11019	26	38	26	38	1	0	7849	100	0	0	0	0	0	0	103012	103012	13997	13996	13996	13997	0	0	1	16	16	30	100	30	100	10	20	10	20	14001	10	15	1	3	8	214	0	12202	10	5	1	12203	10	5	1	12204	10	5	1	12205	10	5	1	12206	10	5	1	12207	10	5	1	12208	10	5	1	12209	10	5	1	12210	10	5	1	12211	10	5	1				-1	5115	100	5116	100	5117	100	5118	100	80007	100	80008	100	80009	100	80010	100	210	6
城鹊牡叵旅m	地下		3	0	1	1	7200	0	1538	15	18	15	18	0						1	1	7820	100	0	17089	17088	17089	17088	17087	103012	103012	103012	103012	12000	12002	0	0	1	8	10	40	60	40	60	10	20	10	20	14002	10	15	1	3	4	214	0	15177	60	5	1	15179	60	5	1	15183	60	5	1	15000	60	5	1	15000	60	5	1	15001	60	5	1	15002	60	5	1	12312	60	5	1	12312	60	5	1	12312	60	5	1	80014	3		1	6004	100	6005	100	6006	100	60072	100	60075	100							200	12
暖t之底	地下		4	0	1	1	14400	0	15511	1	8	1	8	0	15510	44	39	44	39	1	1	7623	100	0	0	0	0	0	0	0	103012	0	103012	17954	17955	0	0	1	5	6	60	70	60	70	15	20	15	20	14004	14	16	1	3	0	213	1	12197	50	15	1	12198	50	20	1	12199	50	15	2	12200	50	25	2	12203	50	20	1	12222	50	8	1	12223	50	10	1	12218	50	18	2	12220	50	17	2	12209	50	7	2				-1	6084	100	80040	100	80041	100	80042	100	80043	100	80044	100	80045	100	80046	100	213	12
黑暗t生的洞窟	地下		5	0	1	1	14400	0	15502	10	6	10	6	0	15503	6	44	6	44	1	1	9369	100	0	0	0	0	0	0	13271	103012	13274	103012	13270	13271	0	0	1	7	8	50	100	50	100	15	20	15	20	14005	18	20	1	3	0	215	1	15000	20	10	1	15001	20	10	1	15002	20	10	2	15003	20	10	2	15004	20	10	3	15005	20	10	3	15006	20	10	4	15007	20	10	4	15008	20	10	5	15009	20	10	5				-1	80047	100	80048	100	80049	100	80051	100	80051	100	80051	100	80051	100	80051	100	203	12
海\的洞窟	地下		6	0	1	1	14400	0	666	73	2	73	2	0	666	73	4	73	4	1	1	9344	100	0	0	0	0	0	0	13271	13270	13270	13271	13270	13271	0	0	1	4	6	80	100	80	100	16	24	16	24	14006	12	15	1	3	1	214	1	15000	20	6	1	15001	20	6	2	15002	20	6	1	15003	20	6	3	15004	10	3	2	10014	20	3	3	10433	20	3	1	10497	20	3	2	11018	20	3	2	11034	20	3	3				-1																	214	12
迷me的通道			7	0	1	1	7200	0	1405	25	25	80	80	0	1405	25	25	80	80	1	0	1003	100	0	15803	15803	15803	15803	15803	103012	103012	103012	103012	13996	13997	0	0	1	1	1	20	40	20	40	15	20	15	20	1000	1	5	1	3	0	214	0																																										1		-1																	201	12
霞之洞窟	地下		8	0	1	1	7200	0	100	586	248	699	322	0	15521	10	19	10	19	1	1	9609	100	0	0	0	0	0	0	103012	103012	17976	17977	17976	17977	0	0	1	10	10	40	80	40	80	15	20	15	20	14008	5	15	1	3	3	213	1																																										1		-1	6176	100	60190	100													210	5
水之洞窟	地下		9	0	1	1	7200	0	15542	10	8	10	8	0	15543	6	5	6	5	1	1	9491	100	0	0	0	0	0	0	103012	103012	103012	103012	17966	17967	0	0	1	19	19	40	60	40	60	10	20	10	20	13007	140	147	1	3	10	215	1	15082	20	10	1	15083	20	10	1	15084	20	10	2	15085	20	10	2	15086	20	10	3	15087	20	10	3	15088	20	10	4	15089	20	10	4	15090	20	10	5	15091	20	10	5				-1																		2
水之迷m	地下2		10	0	1	1	3600	0	15543	5	5	15	25	0	15544	22	48	22	48	1	1	9491	100	0	0	0	0	0	0	103012	103012	103012	103012	17966	17967	0	0	1	9	9	40	60	40	60	10	20	10	20	13007	145	152	1	3	5	215	0	15082	20	1	1	15083	20	1	1	15084	20	1	2	15085	20	1	2	15086	20	1	3	15087	20	1	3	15088	20	1	4	15089	20	1	4	15090	20	1	5	15091	20	1	5				-1																		2
水之迷m	地下2		11	0	1	1	3600	0	15543	5	5	15	25	0	15546	22	48	22	48	1	1	9491	100	0	0	0	0	0	0	103012	103012	103012	103012	17966	17967	0	0	1	9	9	40	60	40	60	10	20	10	20	13007	145	152	1	3	5	215	0	15082	20	1	1	15083	20	1	1	15084	20	1	2	15085	20	1	2	15086	20	1	3	15087	20	1	3	15088	20	1	4	15089	20	1	4	15090	20	1	5	15091	20	1	5				-1																		2
水之迷m	地下2		12	0	1	1	3600	0	15543	5	5	15	25	0	15547	22	48	22	48	1	1	9491	100	0	0	0	0	0	0	103012	103012	103012	103012	17966	17967	0	0	1	9	9	40	60	40	60	10	20	10	20	13007	145	152	1	3	5	215	0	15082	20	1	1	15083	20	1	1	15084	20	1	2	15085	20	1	2	15086	20	1	3	15087	20	1	3	15088	20	1	4	15089	20	1	4	15090	20	1	5	15091	20	1	5				-1																		2
土之迷m	第		13	0	1	1	3600	0	11034	6	5	6	5	0	11037	6	5	6	5	1	0	9523	100	0	0	0	0	0	0	103012	103012	103012	103012	17970	17971	0	0	1	4	4	40	60	40	60	10	20	10	20	5051	13	15	1	3	1	215	0																																												-1																		4
土之迷m	第		14	0	1	1	3600	0	11034	26	49	26	49	0	11037	26	49	26	49	1	0	9523	100	0	0	0	0	0	0	103012	103012	103012	103012	17970	17971	0	0	1	4	4	40	60	40	60	10	20	10	20	5051	13	15	1	3	1	215	0	15082																																											-1																		4
土之迷m	第		15	0	1	1	3600	0	11034	18	73	18	73	0	11036	18	73	18	73	1	0	9523	100	0	0	0	0	0	0	103012	103012	103012	103012	17970	17971	0	0	1	3	3	40	60	40	60	10	20	10	20	5051	13	15	1	3	1	215	0																																												-1																		4
#黑暗t生的巢穴	地下		101	0	1	1	14400	0	100	275	122	310	150	0	15500	15	4	15	4	1	1	9344	100	0	0	0	0	0	0	103012	103012	13270	13271	13270	13271	0	0	1	4	6	80	100	80	100	15	20	15	20	13000	7	10	1	3	1	215	1	15000	20	6	1	15001	20	6	2	15002	20	6	1	15003	20	6	3	15004	10	3	2	10014	20	3	3	10494	20	3	1	10497	20	3	2	11018	20	3	2	11034	20	3	3				-1	5072	100	5074	100	80000	100	80001	100	80002	100							210	12
i之迷m	地下		102	0	1	1	10800	0	100	625	125	722	153	0						1	1	9539	100	0	0	0	0	0	0	103012	103012	103012	103012	17972	17973	0	0	1	12	15	50	70	50	70	15	20	15	20	13002	12	15	1	3	2	215	1	15157	40	10	1	15158	40	10	1	15159	40	10	1	15160	40	10	1	15161	40	10	1	15162	40	10	1	15163	40	10	1	15164	40	10	1	15165	40	10	1	15166	40	10	1	80023	4		0	6029	100	60095	100	60096	100	60097	100	60098	100	60099	100					210	12
哥布林之家			103	0	1	1	14400	0	100	437	308	437	308	0						1	0	7623	100	0	0	0	0	0	0	103012	103012	103012	103012	17954	17955	0	0	1	3	5	100	150	100	150	25	35	25	35	13001	5	10	1	4	4	215	1																																									80022	3		2	80015	100	80016	100	80017	100	80018	100	80019	100	80020	100	80021	100	5127	100	210	12
奇怪的洞窟	地下		104	0	1	1	14400	0	100	527	35	546	39	0	15505	40	6	40	6	1	1	7997	100	0	0	0	0	0	0	103012	103012	12002	12000	12000	12002	0	0	1	10	12	60	60	60	60	15	20	15	20	13003	17	20	1	3	6	214	0																																												-1	6048	100	80024	100	80025	100	80026	100	80027	100	60120	100	60121	100	60122	100	210	12
M青苔的洞窟			105	0	1	1	14400	0	100	380	353	380	353	0	15507	27	35	27	35	1	0	9482	100	0	0	0	0	0	0	1	103012	103012	103012	17964	17965	0	0	1	7	8	60	60	60	60	15	20	15	20	13004	18	20	1	3	0	214	1	15068	20	8	1	15070	20	8	1	15072	40	8	1	15074	40	8	1	15076	60	8	1	15079	60	8	1	15080	80	8	1	15081	80	8	1	12497	100	5	1	12499	100	5	1				-1	80031	100	80032	100	80033	100	80034	100	80035	100	80036	100	80037	100	80038	100	214	12
迷路之穴	第		107	0	1	1	7200	0	100	246	210	223	206	0	15800	11	13	11	13	1	1	9451	100	0	13547	13546	13541	13542	13540	103012	103012	17962	17963	17962	17963	0	0	1	8	10	30	50	30	50	10	20	10	20	13006	6	10	1	4	0	214	0	12114	30	5	1	12111	30	5	1	12135	40	5	2	12132	40	5	2	12127	40	5	3	12117	40	5	3	12118	50	3	4	12120	50	3	4	12109	60	4	5	12101	60	4	5				-1	5415	100																12
白城			108	0	1	1	14400	0	15579	25	15	25	15	0	15589	15	27	15	27	1	0	1003	100	0	17089	17089	17089	17089	17087	13996	13997	13997	13996	13996	13997	0	0	1	19	19	30	100	30	100	10	20	10	20	14014	67	69	1	1	4	214	0																																												-1																		2
黑城			109	0	1	1	14400	0	15578	24	26	24	26	0	15590	15	27	15	27	1	0	1003	100	0	17089	17089	17089	17089	17087	13996	13997	13997	13996	13996	13997	0	0	1	19	19	30	100	30	100	10	20	10	20	14014	67	69	1	1	4	214	0																																												-1																		7
白城	2		110	0	1	1	14400	0	15583	25	15	25	15	0	15585	25	34	25	34	1	0	1003	100	0	17089	17089	17089	17089	17087	13996	13997	13997	13996	13996	13997	0	0	1	9	9	30	100	30	100	10	20	10	20	14014	69	71	1	1	4	214	0																																												-1																		2
黑城	2		111	0	1	1	14400	0	15584	24	26	24	26	0	15586	24	40	24	40	1	0	1003	100	0	17089	17089	17089	17089	17087	13996	13997	13997	13996	13996	13997	0	0	1	9	9	30	100	30	100	10	20	10	20	14014	69	71	1	1	4	214	0																																												-1																		7
炎之洞窟	地下		112	0	1	1	14400	0	15595	25	4	25	4	0	15596	10	8	10	8	1	1	9618	100	0	0	0	0	0	0	103012	103012	103012	103012	17982	17983	0	0	1	15	15	40	60	40	60	10	20	10	20	13008	130	137	1	3	4	215	1																																												-1																		8
炎之洞窟	地下		113	0	1	1	14400	0	15596	10	74	10	74	0	15597	20	42	20	42	1	1	9618	100	0	0	0	0	0	0	103012	103012	103012	103012	17982	17983	0	0	1	10	10	40	60	40	60	10	20	10	20	13008	135	142	1	3	2	215	1																																												-1																		8
炎之洞窟	地下		114	0	1	1	14400	0	15596	85	38	85	38	0	15598	20	42	20	42	1	1	9618	100	0	0	0	0	0	0	103012	103012	103012	103012	17982	17983	0	0	1	10	10	40	60	40	60	10	20	10	20	13008	135	142	1	3	2	215	1																																												-1																		8
魉褪			200	0	1	1	14400	0	5004	61	56	61	56	0	5004	46	53	46	53	1	0	7639	100	0	0	0	0	0	0	0	103012	0	103012	17952	17953	0	0	1	5	5	100	120	100	120	20	20	20	20	14009	5	10	1	3	0	214	0																																									80066	3		-1																	201	0
魉褪			201	0	1	1	14400	0	5004	59	26	59	26	0	5004	46	41	46	41	1	0	8069	100	0	0	0	0	0	0	0	103012	0	103012	12000	12002	0	0	1	5	5	100	120	100	120	20	20	20	20	14010	15	20	1	3	0	214	0																																									80067	3		-1																	201	4
魉褪			202	0	1	1	28800	0	5004	38	22	38	22	0	5004	39	40	39	40	1	0	9491	100	0	0	0	0	0	0	0	103012	0	103012	17966	17967	0	0	1	5	5	100	120	100	120	20	20	20	20	14011	25	30	1	3	0	214	1	15082	20	10	1	15083	20	10	1	15084	20	10	2	15085	20	10	2	15086	20	10	3	15087	20	10	3	15088	20	10	4	15089	20	10	4	15090	20	10	5	15091	20	10	5	80068	3		-1																	201	12
魉褪			203	0	1	1	28800	0	5004	19	26	19	26	0	5004	19	26	19	26	1	0	9369	100	0	0	0	0	0	0	0	103012	0	103012	13270	13271	0	0	1	5	5	100	120	100	120	20	20	20	20	14012	35	40	1	3	0	214	0	15000	20	10	1	15001	20	10	1	15002	20	10	2	15003	20	10	2	15004	20	10	3	15005	20	10	3	15006	20	10	4	15007	20	10	4	15008	20	10	5	15009	20	10	5	80069	3		-1																	201	8
魉褪			204	0	1	1	43200	0	5004	16	56	16	56	0	5004	31	53	31	53	1	0	7804	100	0	0	0	0	0	0	0	103012	0	103012	13274	13275	0	0	1	5	5	100	120	100	120	20	20	20	20	14013	45	50	1	3	0	214	0	15097	20	10	1	15098	20	10	1	15099	20	10	2	15100	20	10	2	15101	20	10	3	15102	20	10	3	15103	20	10	4	15104	20	10	4	15105	20	10	5	15106	20	10	5	80070	3		-1																	201	10
阿巴斯的洞窟			300	0	1	1	14400	0	15517	8	38	8	38	0	15518	91	66	91	66	1	0	7849	100	0	0	0	0	0	0	0	103012	13997	13996	13996	13997	0	0	1	15	16	30	100	30	100	15	20	15	20	15000	20	23	1	3	4	214	0	12202	10	5	1	12203	10	5	1	12204	10	5	1	12205	10	5	1	12206	10	5	1	12207	10	5	1	12208	10	5	1	12209	10	5	1	12210	10	5	1	12211	10	5	1				-1	6107	100															210	6
黑色的祈\	地下		301	0	1	1	14400	0	16507	14	14	14	14	0	16508	39	5	39	5	1	1	9555	100	0	0	0	0	0	0	103012	103012	103012	103012	17974	17975	0	0	1	6	6	40	80	40	80	10	20	10	20	15001	20	23	1	3	4	214	0	15011	10	5	1	15012	10	5	1	15013	10	5	1	15014	10	5	1	15015	10	5	1	15016	10	5	1	15017	10	5	1	15018	10	5	1	15019	10	5	1	15020	10	5	1				-1	6303	100	6304	100													214	6
_B斯研究塔			302	0	1	1	14400	0	23003	42	21	42	21	0	23001	23	45	23	45	1	0	3256	100	0	15827	15827	15827	15827	15827	103012	103012	103012	103012	12000	12002	0	0	1	16	16	40	80	40	80	10	20	10	20	15002	22	25	1	3	6	214	0																																												-1																	214	0
砂漠之祠	地下		303	0	1	1	21600	0	300	570	300	640	400	0	13022	7	4	7	4	1	1	7804	100	0	13081	13109	13087	13083	13096	103012	103012	13998	13999	13998	13999	0	0	1	5	5	50	90	50	90	15	20	15	20	15003	26	28	1	3	1	213	1	12202	30	1	1	12203	30	1	1	12207	30	1	1	12209	30	1	1	12216	30	1	1	12219	30	1	1	12221	30	1	1	12212	30	1	1	12224	30	1	1	12217	30	1	1				-1																	211	2
砂m的洞窟	地下		304	0	1	1	14400	0	3355	11	5	11	5	0						1	1	9609	100	0	0	0	0	0	0	13275	13274	13275	13274	13274	13275	0	0	1	8	12	60	80	60	80	16	20	16	20	15004	25	28	1	3	6	215	1	15623	25	1	1	15625	25	1	1	15627	25	1	1	15629	25	1	1	15631	25	1	1	15633	25	1	1	15635	25	1	1	15637	25	1	1	15639	25	1	1	15641	25	1	1	80071	3		3	63019	100	63020	100	63021	100											213	12
{之洞窟	地下		305	0	1	1	14400	0	15525	23	5	23	5	0	15526	8	7	8	7	1	1	7807	100	0	0	0	0	0	0	17955	17954	17954	17955	17954	17955	0	0	1	10	10	60	80	60	80	10	20	15	25	15005	43	47	1	4	5	213	1																																												-1																	213	6
{之洞窟	地上		306	0	1	1	14400	0	15526	91	7	91	7	0	15530	16	21	16	21	1	0	7807	100	0	0	0	0	0	0	17954	17955	17955	17954	17954	17955	0	0	1	10	10	90	100	90	100	15	20	15	20	15006	47	51	1	4	6	213	1																																												-1																		6
L之洞窟			307	0	1	1	14400	0	15564	23	5	23	5	0	15565	25	22	25	22	1	0	9682	100	0	0	0	0	0	0	103012	103012	103012	103012	17990	17991	0	0	1	9	9	40	60	40	60	10	20	10	20	15007	27	29	1	3	4	215	1																																												-1																		3
L之洞窟	1		308	0	1	1	14400	0	15566	10	8	10	8	0	15567	5	3	5	3	1	0	9682	100	0	0	0	0	0	0	103012	103012	103012	103012	17990	17991	0	0	1	9	9	40	60	40	60	10	20	10	20	15007	30	32	1	3	4	215	1																																												-1																		3
迷路的之巢	地下		309	0	1	1	10800	0	15568	58	45	58	45	0	15574	6	6	6	6	1	1	9682	100	0	0	0	0	0	0	103012	103012	103012	103012	17990	17991	0	0	1	16	16	60	80	60	80	10	20	10	20	15007	30	35	1	3	2	215	1																																												-1																		5
雷姆的迷m			400	0	1	1	14400	0	16510	25	7	25	7	0	16511	26	72	26	72	1	0	1191	100	0	17065	17065	17065	17065	17065	103012	103012	103012	103012	12000	12002	0	0	1	12	12	60	80	60	80	10	20	10	20	16000	35	37	1	3	6	214	0																																												-1																	214	0
科W家的牢房	地下		401	0	1	1	14400	0	4402	16	13	16	13	0	4430	20	17	20	17	1	1	3077	100	0	17088	17088	17088	17088	17088	0	11574	0	103012	13996	13997	0	0	1	5	5	50	80	50	80	10	20	10	20	16001	20	22	1	3	1	215	0	17088	20	3	1	17087	20	3	1	17089	20	3	1	17092	20	1	2	17093	20	1	2	17094	20	1	2	17095	20	1	2	10684	5	80	3												-1																		12
e雪的山路	海拔	00M	402	0	1	1	14400	0	402	84	193	84	193	0	15522	41	40	41	40	1	0	8175	100	0	0	0	0	0	0	103012	103012	17957	17956	17956	17957	0	0	1	20	24	40	40	40	80	10	20	10	20	16003	125	132	1	4	8	215	0	11622	100	5	1	11623	100	5	1	11624	100	5	1	15000	100	1	1	15003	100	1	1	15005	100	1	1	15007	100	1	1	15009	100	1	1												-1																	202	12
蜥蜴之巢	地下		403	0	1	1	10800	0	16521	10	13	10	13	0	16520	10	15	10	15	1	1	3009	100	0	17089	17088	17089	17088	17087	12002	12000	12000	12002	12000	12002	17090	17091	1	10	10	60	60	60	60	20	30	20	30	12010	35	40	1	4	5	215	0	12002	10	1	1	11035	100	8	2	11022	1	1	1	10018	100	16	1	11017	100	4	2	10021	100	6	1	10017	100	18	1	11016	100	16	2	10032	100	2	1	10033	100	1	1				-1	5400	100	5401	100	5402	100	5403	100	5404	100	5405	100						12
奇怪的坑道	地下		404	0	1	1	14400	0	400	356	345	373	450	0	15531	12	64	12	64	1	1	7639	100	0	0	0	0	0	0	103012	103012	103012	103012	17954	17955	0	0	1	12	16	50	60	50	60	15	20	15	20	16004	27	30	1	3	7	213	1																																									5307	1	5246	18																		6
永久鐾	第		406	0	1	1	14400	0	15536	21	8	21	8	0	15537	24	15	24	15	1	1	8177	100	0	0	0	0	0	0	103012	103012	103012	103012	17956	17957	0	0	1	36	36	40	60	40	60	10	20	10	20	16005	56	64	1	3	18	216	1																																												-1																		9
深Y	第		407	0	1	1	14400	0	15538	14	7	14	7	0	15539	30	21	30	21	1	1	9555	100	0	0	0	0	0	0	103012	103012	103012	103012	17974	17975	0	0	1	36	36	40	60	40	60	10	20	10	20	16006	55	64	1	3	18	216	1	15011	20	10	1	15012	20	10	1	15013	20	10	2	15014	20	10	2	15015	20	10	3	15016	20	10	3	15017	20	10	4	15018	20	10	4	15019	20	10	5	15020	20	10	5				-1																		12
之地			408	0	1	1	14400	0	15552	18	15	18	15	0	15557	13	9	13	9	1	0	1003	100	0	17089	17089	17089	17089	17087	103012	103012	13997	13996	13996	13997	0	0	1	9	9	30	100	30	100	10	20	10	20	16007	61	62	1	1	4	214	0																																												-1																		2
之地			409	0	1	1	14400	0	15552	18	39	18	39	0	15558	13	9	13	9	1	0	1003	100	0	17089	17089	17089	17089	17087	103012	103012	13997	13996	13996	13997	0	0	1	9	9	30	100	30	100	10	20	10	20	16007	61	62	1	1	4	214	0																																												-1																		7
之地	1		410	0	1	1	14400	0	15557	16	18	16	18	0	15548	13	9	13	9	1	0	1003	100	0	17089	17089	17089	17089	17087	13996	13997	13997	13996	13996	13997	0	0	1	9	9	30	100	30	100	10	20	10	20	16007	62	63	1	1	4	214	0																																												-1																		2
之地	1		411	0	1	1	14400	0	15557	10	18	10	18	0	15550	14	9	14	9	1	0	1003	100	0	17089	17089	17089	17089	17087	13996	13997	13997	13996	13996	13997	0	0	1	9	9	30	100	30	100	10	20	10	20	16007	62	63	1	1	4	214	0																																												-1																		0
之地	1		412	0	1	1	14400	0	15558	16	18	16	18	0	15550	12	9	12	9	1	0	1003	100	0	17089	17089	17089	17089	17087	13996	13997	13997	13996	13996	13997	0	0	1	9	9	30	100	30	100	10	20	10	20	16007	62	63	1	1	4	214	0																																												-1																		0
之地	1		413	0	1	1	14400	0	15558	10	18	10	18	0	15549	13	9	13	9	1	0	1003	100	0	17089	17089	17089	17089	17087	13996	13997	13997	13996	13996	13997	0	0	1	9	9	30	100	30	100	10	20	10	20	16007	62	63	1	1	4	214	0																																												-1																		7
之地	2		414	0	1	1	14400	0	15548	16	18	16	18	0	15559	14	9	14	9	1	0	1003	100	0	17089	17089	17089	17089	17087	13996	13997	13997	13996	13996	13997	0	0	1	9	9	30	100	30	100	10	20	10	20	16008	63	64	1	1	4	214	0																																												-1																		2
之地	2		415	0	1	1	14400	0	15548	10	18	10	18	0	15553	14	9	14	9	1	0	1003	100	0	17089	17089	17089	17089	17087	13996	13997	13997	13996	13996	13997	0	0	1	9	9	30	100	30	100	10	20	10	20	16008	63	64	1	1	4	214	0																																												-1																		0
之地	2		416	0	1	1	14400	0	15550	16	18	16	18	0	15559	12	9	12	9	1	0	1003	100	0	17089	17089	17089	17089	17087	13996	13997	13997	13996	13996	13997	0	0	1	9	9	30	100	30	100	10	20	10	20	16008	63	64	1	1	4	214	0																																												-1																		2
之地	2		417	0	1	1	14400	0	15550	10	18	10	18	0	15560	14	9	14	9	1	0	1003	100	0	17089	17089	17089	17089	17087	13996	13997	13997	13996	13996	13997	0	0	1	9	9	30	100	30	100	10	20	10	20	16008	63	64	1	1	4	214	0																																												-1																		7
之地	2		418	0	1	1	14400	0	15549	16	18	16	18	0	15553	12	9	12	9	1	0	1003	100	0	17089	17089	17089	17089	17087	13996	13997	13997	13996	13996	13997	0	0	1	9	9	30	100	30	100	10	20	10	20	16008	63	64	1	1	4	214	0																																												-1																		0
之地	2		419	0	1	1	14400	0	15549	10	18	10	18	0	15560	12	9	12	9	1	0	1003	100	0	17089	17089	17089	17089	17087	13996	13997	13997	13996	13996	13997	0	0	1	9	9	30	100	30	100	10	20	10	20	16008	63	64	1	1	4	214	0																																												-1																		7
之地	3		420	0	1	1	14400	0	15559	16	18	16	18	0	15554	14	9	14	9	1	0	1003	100	0	17089	17089	17089	17089	17087	13996	13997	13997	13996	13996	13997	0	0	1	9	9	30	100	30	100	10	20	10	20	16009	64	65	1	1	4	214	0																																												-1																		2
之地	3		421	0	1	1	14400	0	15559	10	18	10	18	0	15556	14	9	14	9	1	0	1003	100	0	17089	17089	17089	17089	17087	13996	13997	13997	13996	13996	13997	0	0	1	9	9	30	100	30	100	10	20	10	20	16009	64	65	1	1	4	214	0																																												-1																		0
之地	3		422	0	1	1	14400	0	15553	16	18	16	18	0	15554	12	9	12	9	1	0	1003	100	0	17089	17089	17089	17089	17087	13996	13997	13997	13996	13996	13997	0	0	1	9	9	30	100	30	100	10	20	10	20	16009	64	65	1	1	4	214	0																																												-1																		2
之地	3		423	0	1	1	14400	0	15553	13	18	13	18	0	15556	13	9	13	9	1	0	1003	100	0	17089	17089	17089	17089	17087	13996	13997	13997	13996	13996	13997	0	0	1	9	9	30	100	30	100	10	20	10	20	16009	64	65	1	1	4	214	0																																												-1																		0
之地	3		424	0	1	1	14400	0	15553	10	18	10	18	0	15555	14	9	14	9	1	0	1003	100	0	17089	17089	17089	17089	17087	13996	13997	13997	13996	13996	13997	0	0	1	9	9	30	100	30	100	10	20	10	20	16009	64	65	1	1	4	214	0																																												-1																		7
之地	3		425	0	1	1	14400	0	15560	16	18	16	18	0	15556	12	9	12	9	1	0	1003	100	0	17089	17089	17089	17089	17087	13996	13997	13997	13996	13996	13997	0	0	1	9	9	30	100	30	100	10	20	10	20	16009	64	65	1	1	4	214	0																																												-1																		0
之地	3		426	0	1	1	14400	0	15560	10	18	10	18	0	15555	12	9	12	9	1	0	1003	100	0	17089	17089	17089	17089	17087	13996	13997	13997	13996	13996	13997	0	0	1	9	9	30	100	30	100	10	20	10	20	16009	64	65	1	1	4	214	0																																												-1																		7
#SS			500	0	1	1	14400	0	666	2	2	2	2	0						1	0	9344	100	0	0	0	0	0	0	103012	103012	103012	103012	13268	13269	0	0	1	2	2	40	60	40	60	10	20	10	20	1000	1	5	1	3	10	214	0	15022	20	10	1	15023	20	10	1	15024	20	10	2	15025	20	10	2	15026	20	10	3	15027	20	10	3	15028	20	10	4	15029	20	10	4	15030	20	10	5	15031	20	10	5	80006	3		-1																	202	12
#NN			501	0	1	1	14400	0	666	4	2	4	2	0						1	0	7804	100	0	0	0	0	0	0	103012	103012	103012	103012	13274	13275	0	0	1	1	1	40	60	40	60	10	20	10	20	1000	1	5	1	3	0	214	0	15097	20	10	1	15098	20	10	1	15099	20	10	2	15100	20	10	2	15101	20	10	3	15102	20	10	3	15103	20	10	4	15104	20	10	4	15105	20	10	5	15106	20	10	5				-1																	202	12
#QQ			502	0	1	1	14400	0	666	6	2	6	2	0						1	0	7845	100	0	0	0	0	0	0	103012	103012	103012	103012	13998	13999	0	0	1	1	1	40	60	40	60	10	20	10	20	1000	1	5	1	3	0	214	0	15107	20	10	1	15108	20	10	1	15109	20	10	2	15110	20	10	2	15111	20	10	3	15112	20	10	3	15113	20	10	4	15114	20	10	4	15115	20	10	5	15116	20	10	5				-1																	202	12
#RR			503	0	1	1	14400	0	666	8	2	8	2	0						1	0	7849	100	0	0	0	0	0	0	103012	103012	103012	103012	13996	13997	0	0	1	1	1	40	60	40	60	10	20	10	20	1000	1	5	1	3	0	214	0																																												-1																	202	12
#QR			504	0	1	1	14400	0	666	10	2	10	2	0						1	0	7853	100	0	0	0	0	0	0	103012	103012	103012	103012	12000	12002	0	0	1	1	1	40	60	40	60	10	20	10	20	1000	1	5	1	3	0	214	0																																												-1																	202	12
#QN			505	0	1	1	14400	0	666	12	2	12	2	0						1	0	7997	100	0	0	0	0	0	0	103012	103012	103012	103012	12000	12002	0	0	1	1	1	40	60	40	60	10	20	10	20	1000	1	5	1	3	0	214	0																																												-1																	202	12
#RN			506	0	1	1	14400	0	666	14	2	14	2	0						1	0	8033	100	0	0	0	0	0	0	103012	103012	103012	103012	12000	12002	0	0	1	1	1	40	60	40	60	10	20	10	20	1000	1	5	1	3	0	214	0																																												-1																	202	12
#QO			507	0	1	1	14400	0	666	16	2	16	2	0						1	0	8069	100	0	0	0	0	0	0	103012	103012	103012	103012	12000	12002	0	0	1	1	1	40	60	40	60	10	20	10	20	1000	1	5	1	3	0	214	0																																												-1																	202	12
#RO			508	0	1	1	14400	0	666	18	2	18	2	0						1	0	8105	100	0	0	0	0	0	0	103012	103012	103012	103012	12000	12002	0	0	1	1	1	40	60	40	60	10	20	10	20	1000	1	5	1	3	0	214	0																																												-1																	202	12
#UU			509	0	1	1	14400	0	666	20	2	20	2	0						1	0	9369	100	0	0	0	0	0	0	103012	103012	103012	103012	13270	13271	0	0	1	1	1	40	60	40	60	10	20	10	20	1000	1	5	1	3	0	214	0	15000	20	10	1	15001	20	10	1	15002	20	10	2	15003	20	10	2	15004	20	10	3	15005	20	10	3	15006	20	10	4	15007	20	10	4	15008	20	10	5	15009	20	10	5				-1																	202	12
#yU			510	0	1	1	14400	0	666	22	2	22	2	0						1	0	9414	100	0	0	0	0	0	0	103012	103012	103012	103012	12000	12002	0	0	1	1	1	40	60	40	60	10	20	10	20	1000	1	5	1	3	0	214	0																																												-1																	202	12
#KK			511	0	1	1	14400	0	666	24	2	24	2	0						1	0	7623	100	0	0	0	0	0	0	103012	103012	103012	103012	17954	17955	0	0	1	1	1	40	60	40	60	10	20	10	20	1000	1	5	1	3	0	214	0																																												-1																	202	12
#LL			512	0	1	1	14400	0	666	26	2	26	2	0						1	0	7639	100	0	0	0	0	0	0	103012	103012	103012	103012	17952	17953	0	0	1	1	1	40	60	40	60	10	20	10	20	1000	1	5	1	3	0	214	0																																												-1																	202	12
#VV			513	0	1	1	14400	0	666	28	2	28	2	0						1	0	9450	100	0	0	0	0	0	0	103012	103012	103012	103012	17962	17963	0	0	1	1	1	40	60	40	60	10	20	10	20	1000	1	5	1	3	0	214	0	15037	20	10	1	15038	20	10	1	15039	20	10	2	15040	20	10	2	15041	20	10	3	15042	20	10	3	15043	20	10	4	15044	20	10	4	15045	20	10	5	15046	20	10	5				-1																	202	12
#ww			514	0	1	1	14400	0	666	30	2	30	2	0						1	0	9466	100	0	0	0	0	0	0	103012	103012	103012	103012	13272	13273	0	0	1	1	1	40	60	40	60	10	20	10	20	1000	1	5	1	3	0	214	0	15052	20	10	1	15053	20	10	1	15054	20	10	2	15055	20	10	2	15056	20	10	3	15057	20	10	3	15058	20	10	4	15059	20	10	4	15060	20	10	5	15061	20	10	5				-1																	202	12
#XX			515	0	1	1	14400	0	666	32	2	32	2	0						1	0	9482	100	0	0	0	0	0	0	103012	103012	103012	103012	17964	17965	0	0	1	1	1	40	60	40	60	10	20	10	20	1000	1	5	1	3	0	214	0	15067	20	10	1	15068	20	10	1	15069	20	10	2	15070	20	10	2	15071	20	10	3	15072	20	10	3	15073	20	10	4	15074	20	10	4	15075	20	10	5	15076	20	10	5				-1																	202	12
#YY			516	0	1	1	14400	0	666	34	2	34	2	0						1	0	9491	100	0	0	0	0	0	0	103012	103012	103012	103012	17966	17967	0	0	1	1	1	40	60	40	60	10	20	10	20	1000	1	5	1	3	0	214	1	15082	20	10	1	15083	20	10	1	15084	20	10	2	15085	20	10	2	15086	20	10	3	15087	20	10	3	15088	20	10	4	15089	20	10	4	15090	20	10	5	15091	20	10	5				-1																	202	12
#ZZ			517	0	1	1	14400	0	666	36	2	36	2	0						1	0	9507	100	0	0	0	0	0	0	103012	103012	103012	103012	17968	17969	0	0	1	1	1	40	60	40	60	10	20	10	20	1000	1	5	1	3	0	214	1																																												-1																	202	12
#aa			518	0	1	1	14400	0	666	38	2	38	2	0						1	0	9523	100	0	0	0	0	0	0	103012	103012	103012	103012	17970	17971	0	0	1	1	1	40	60	40	60	10	20	10	20	1000	1	5	1	3	0	215	1	15137	20	10	1	15138	20	10	1	15139	20	10	2	15140	20	10	2	15141	20	10	3	15142	20	10	3	15143	20	10	4	15144	20	10	4	15145	20	10	5	15146	20	10	5				-1																	202	12
#bb			519	0	1	1	14400	0	666	40	2	40	2	0						1	0	9539	100	0	0	0	0	0	0	103012	103012	103012	103012	17972	17973	0	0	1	1	1	40	60	40	60	10	20	10	20	1000	1	5	1	3	0	215	1	15157	20	10	1	15158	20	10	1	15159	20	10	2	15160	20	10	2	15161	20	10	3	15162	20	10	3	15163	20	10	4	15164	20	10	4	15165	20	10	5	15166	20	10	5				-1																	202	12
#cc			520	0	1	1	14400	0	666	42	2	42	2	0						1	0	9555	100	0	0	0	0	0	0	103012	103012	103012	103012	17974	17975	0	0	1	1	1	40	60	40	60	10	20	10	20	1000	1	5	1	3	0	215	1	15011	20	10	1	15012	20	10	1	15013	20	10	2	15014	20	10	2	15015	20	10	3	15016	20	10	3	15017	20	10	4	15018	20	10	4	15019	20	10	5	15020	20	10	5				-1																	202	12
#dd			522	0	1	1	14400	0	666	44	2	44	2	0						1	0	9564	100	0	0	0	0	0	0	103012	103012	103012	103012	17978	17979	0	0	1	1	1	40	60	40	60	10	20	10	20	1000	1	5	1	3	0	215	1																																												-1																	202	12
#ee			523	0	1	1	14400	0	666	46	2	46	2	0						1	0	9580	100	0	0	0	0	0	0	103012	103012	103012	103012	17980	17981	0	0	1	1	1	40	60	40	60	10	20	10	20	1000	1	5	1	3	0	215	1																																												-1																	202	12
#ff			524	0	1	1	14400	0	666	48	2	48	2	0						1	0	9596	100	0	0	0	0	0	0	103012	103012	103012	103012	17958	17959	0	0	1	1	1	40	60	40	60	10	20	10	20	1000	1	5	1	3	0	215	1																																												-1																	202	12
#gg			525	0	1	1	14400	0	666	50	2	50	2	0						1	0	9600	100	0	0	0	0	0	0	103012	103012	103012	103012	17960	17961	0	0	1	1	1	40	60	40	60	10	20	10	20	1000	1	5	1	3	0	215	1																																												-1																	202	12
#hh			526	0	1	1	14400	0	666	52	2	52	2	0						1	0	9609	100	0	0	0	0	0	0	103012	103012	103012	103012	17976	17977	0	0	1	1	1	40	60	40	60	10	20	10	20	1000	1	5	1	3	0	215	1																																												-1																	202	12
#ii			527	0	1	1	14400	0	666	54	2	54	2	0						1	0	9618	100	0	0	0	0	0	0	103012	103012	103012	103012	17982	17983	0	0	1	1	1	40	60	40	60	10	20	10	20	1000	1	5	1	3	0	215	1																																												-1																	202	12
#jj			528	0	1	1	14400	0	666	56	2	56	2	0						1	0	9634	100	0	0	0	0	0	0	103012	103012	103012	103012	17984	17985	0	0	1	1	1	40	60	40	60	10	20	10	20	1000	1	5	1	3	0	215	1																																												-1																	202	12
#kk			529	0	1	1	14400	0	666	58	2	58	2	0						1	0	9650	100	0	0	0	0	0	0	103012	103012	103012	103012	17986	17987	0	0	1	1	1	40	60	40	60	10	20	10	20	1000	1	5	1	3	0	215	1																																												-1																	202	12
#ll			530	0	1	1	14400	0	666	60	2	60	2	0						1	0	9666	100	0	0	0	0	0	0	103012	103012	103012	103012	17988	17989	0	0	1	1	1	40	60	40	60	10	20	10	20	1000	1	5	1	3	0	215	1																																												-1																	202	12
#mm			531	0	1	1	14400	0	666	62	2	62	2	0						1	0	9682	100	0	0	0	0	0	0	103012	103012	103012	103012	17990	17991	0	0	1	1	1	40	60	40	60	10	20	10	20	1000	1	5	1	3	0	215	1																																												-1																	202	12
#nn			534	0	1	1	14400	0	666	64	2	64	2	0						1	0	9698	100	0	0	0	0	0	0	103012	103012	103012	103012	17992	17993	0	0	1	1	1	40	60	40	60	10	20	10	20	1000	1	5	1	3	0	215	1																																												-1																	202	12
#oo			535	0	1	1	14400	0	666	66	2	66	2	0						1	0	9714	100	0	0	0	0	0	0	103012	103012	103012	103012	17994	17995	0	0	1	1	1	40	60	40	60	10	20	10	20	1000	1	5	1	3	0	215	1																																												-1																	202	12
#yy			536	0	1	1	14400	0	666	68	2	68	2	0						1	0	8177	100	0	0	0	0	0	0	103012	103012	103012	103012	17956	17957	0	0	1	1	1	40	60	40	60	10	20	10	20	1000	1	5	1	3	0	215	1																																												-1																	202	12
#箱y			539	0	1	1	14400	0	666	70	2	70	2	0						1	0	8177	100	0	0	0	0	0	0	103011	103011	103011	103011	17956	17957	0	0	1	5	5	40	60	40	60	10	20	10	20	1000	5	45	10	3	0	215	1																																												-1																	202	0
布朗山	～	00M	600	0	1	1	14400	0	36003	17	4	17	4	0	36001	57	66	57	66	1	0	7639	100	0	0	0	0	0	0	103012	103012	103012	103012	17952	17953	0	0	1	9	9	40	60	40	60	10	20	10	20	19004	31	33	1	3	3	214	0																																												-1																		3
布朗山	～1	00M	601	0	1	1	14400	0	36001	58	21	58	21	0	36002	55	12	55	12	1	0	7639	100	0	0	0	0	0	0	0	103012	103012	103012	17952	17953	0	0	1	7	7	40	60	40	60	10	20	10	20	19005	33	35	1	3	3	214	0																																												-1																		3
地下水}	第	}	602	0	1	1	28800	0	37010	36	30	36	30	0	37008	77	59	77	59	1	0	9650	100	0	0	0	0	0	0	103012	103012	103012	103012	103012	103012	0	0	1	12	12	40	60	40	60	10	20	10	20	20023	63	66	1	3	6	215	1																																												-1																		2
布朗山	～	00M	603	0	1	1	14400	0	36003	12	2	12	2	0	36002	61	28	61	28	1	0	7639	100	0	0	0	0	0	0	17952	17953	17953	17952	17952	17953	0	0	1	17	17	40	60	40	60	10	20	10	20	19006	68	72	1	3	8	214	0																																												-1																		3
地下zE	地下	A	604	0	1	1	9000	0	35000	13	34	13	34	0	35001	20	4	20	4	1	1	7849	100	0	0	0	0	0	0	103012	103012	103012	103012	13996	13997	0	0	1	12	12	60	80	60	80	10	20	10	20	19007	46	50	1	3	6	214	0																																												-1	306125	100																2
大	地下	A	605	0	1	1	14400	0	34017	9	6	9	6	0	34018	23	21	23	21	1	1	9482	100	0	0	0	0	0	0	103012	103012	103012	103012	17964	17965	0	0	1	9	9	60	60	60	60	15	20	15	20	19017	67	68	1	3	5	213	1	15068	20	4	1	15070	20	4	1	15072	40	4	1	15074	40	4	1	15076	60	4	1	15079	60	4	1	15080	80	4	1	15081	80	4	1	12497	100	4	1	12499	100	4	1				-1																		0
o人的洞窟	地下		700	0	1	1	14400	0	33223	23	16	23	16	0	33226	7	4	7	4	1	1	9555	100	0	0	0	0	0	0	103012	103012	103012	103012	17974	17975	0	0	1	15	15	60	80	60	80	10	20	10	20	19002	50	60	1	3	3	214	0																																												-1																	214	0
o人的洞窟	地下		701	0	1	1	14400	0	33224	23	16	23	16	0	33227	7	4	7	4	1	1	9555	100	0	0	0	0	0	0	103012	103012	103012	103012	17974	17975	0	0	1	15	15	60	80	60	80	10	20	10	20	19001	35	45	1	3	3	214	0																																												-1																	214	0
o人的洞窟	地下		702	0	1	1	14400	0	33225	23	16	23	16	0	33228	7	4	7	4	1	1	9555	100	0	0	0	0	0	0	103012	103012	103012	103012	17974	17975	0	0	1	15	15	60	80	60	80	10	20	10	20	19000	20	30	1	3	3	214	0																																												-1																	214	0
r波之祠	地下		703	0	1	1	14400	0	34004	9	4	9	4	0	34005	10	25	10	25	1	1	9555	100	0	0	0	0	0	0	103012	103012	103012	103012	17974	17975	0	0	1	10	10	60	80	60	80	10	20	10	20	20009	20	25	1	3	3	214	0																																												-1																	214	0
深G的山道	烁	00M	704	0	1	1	14400	0	33000	290	436	290	436	0	33246	7	10	7	10	1	0	9344	100	0	0	0	0	0	0	103012	103012	103012	103012	17962	17963	0	0	1	13	13	25	45	25	45	10	20	10	20	19003	18	30	1	0	0	215	0	10094	100	4	1	10090	100	4	1	10091	100	4	1	12458	100	62	1	12459	100	50	1	12463	100	3	1	12460	100	2	1	11627	100	1	1	12471	100	5	1	15064	50	1	1				-1																	220	5
^目的～(略)	地下		705	0	1	1	14400	0	47000	11	6	11	6	0	47001	19	30	19	30	1	1	9555	100	0	0	0	0	0	0	103012	103012	103012	103012	17974	17975	0	0	1	5	5	50	50	50	50	10	10	10	10	24000	25	30	1	3	3	214	0																																												-1																	214	0
#巨大之T	地下		799	0	1	1	14400	0	33232	15	14	15	14	0	33233	7	13	7	13	1	1	9564	100	0	0	0	0	0	0	15562	17978	15561	17979	17978	17979	0	0	1	1	1	50	60	50	60	10	18	10	18	20003	1	100	10	3	1	215	0																																												-1	321012	100	321013	100	321014	100	40484	100	40485	100	40486	100					215	12
雷姆山	～	00M	800	0	1	1	14400	0	47007	7	3	7	3	0	47005	55	20	55	20	1	0	7639	100	0	0	0	0	0	0	103012	103012	103012	103012	17952	17953	0	0	1	9	9	40	60	40	60	10	20	10	20	24002	29	31	1	3	3	214	0																																												-1																		3
雷姆山	～1	00M	801	0	1	1	14400	0	47005	70	16	70	16	0	47006	60	54	60	54	1	0	7639	100	0	0	0	0	0	0	0	103012	103012	103012	17952	17953	0	0	1	7	7	40	60	40	60	10	20	10	20	24003	31	33	1	3	3	214	0																																												-1																		3
雷姆山	～	00M	802	0	1	1	14400	0	47007	10	6	10	6	0	47006	32	63	32	63	1	0	7639	100	0	0	0	0	0	0	17952	17953	17953	17952	17952	17953	0	0	1	17	17	40	60	40	60	10	20	10	20	24004	48	52	1	3	8	214	0																																												-1																		3
森之迷m			803	0	1	1	14400	0	47010	31	7	31	7	0	47011	10	14	10	14	1	0	9482	100	0	0	0	0	0	0	103012	103012	103012	103012	17964	17965	0	0	0	1	1	100	100	100	100	10	20	10	20	23001	71	73	1	3	1	213	0	15067	20	10	1	15068	20	10	1	15069	20	10	2	15070	20	10	2	15071	20	10	3	15072	20	10	3	15073	20	10	4	15074	20	10	4	15075	20	10	5	15076	20	10	5				-1																		0
森之迷m			804	0	1	1	14400	0	47011	29	11	29	11	0	47013	52	48	52	48	1	0	9482	100	0	0	0	0	0	0	103012	103012	103012	103012	17964	17965	0	0	0	1	1	100	100	100	100	10	20	10	20	23001	71	73	1	3	1	213	0	15067	20	10	1	15068	20	10	1	15069	20	10	2	15070	20	10	2	15071	20	10	3	15072	20	10	3	15073	20	10	4	15074	20	10	4	15075	20	10	5	15076	20	10	5				-1																		0
森之迷m			805	0	1	1	14400	0	47013	36	39	36	39	0	47014	55	34	55	34	1	0	9482	100	0	0	0	0	0	0	103012	103012	103012	103012	17964	17965	0	0	0	1	1	100	100	100	100	10	20	10	20	23001	71	73	1	3	1	213	0	15067	20	10	1	15068	20	10	1	15069	20	10	2	15070	20	10	2	15071	20	10	3	15072	20	10	3	15073	20	10	4	15074	20	10	4	15075	20	10	5	15076	20	10	5				-1																		0
森之迷m			806	0	1	1	14400	0	47014	11	35	11	35	0	47017	22	23	22	23	1	0	9482	100	0	0	0	0	0	0	103012	103012	103012	103012	17964	17965	0	0	0	1	1	100	100	100	100	10	20	10	20	23001	71	73	1	3	1	213	0	15067	20	10	1	15068	20	10	1	15069	20	10	2	15070	20	10	2	15071	20	10	3	15072	20	10	3	15073	20	10	4	15074	20	10	4	15075	20	10	5	15076	20	10	5				-1																		0
{咒者之洞窟	地下	A	807	0	1	1	14400	0	43000	418	249	418	249	0	47019	9	30	9	30	1	1	9650	100	0	0	0	0	0	0	0	103012	103012	103012	17986	17987	0	0	1	19	19	40	60	40	60	10	20	10	20	25024	76	77	1	3	5	213	1																																												-1																		12
{咒者之洞窟	地下	A	808	0	1	1	14400	0	43000	580	531	580	531	0	47021	9	30	9	30	1	1	9618	100	0	0	0	0	0	0	0	103012	103012	103012	17982	17983	0	0	1	19	19	40	60	40	60	10	20	10	20	25025	76	77	1	3	5	213	1																																												-1																		12
{咒者之洞窟	地下	A	809	0	1	1	14400	0	43000	356	619	356	619	0	47023	9	30	9	30	1	1	9634	100	0	0	0	0	0	0	0	103012	103012	103012	17984	17985	0	0	1	19	19	40	60	40	60	10	20	10	20	25026	76	77	1	3	5	213	1																																												-1																		12
秘密通道			900	0	1	1	7200	0	46030	5	4	36	9	0	46031	5	3	5	3	1	1	1191	100	0	35103	35103	35103	35103	35103	103012	103012	103012	103012	103012	103012	0	0	0	5	5	40	60	40	60	8	16	8	16	23050	56	58	1	3	0	215	0																																												-1																		0
秘密通道			901	0	1	1	7200	0	46030	5	4	36	9	0	46032	5	3	5	3	1	1	1191	100	0	35103	35103	35103	35103	35103	103012	103012	103012	103012	103012	103012	0	0	0	5	5	40	60	40	60	8	16	8	16	23050	56	58	1	3	0	215	0																																												-1																		0
秘密通道			902	0	1	1	7200	0	46030	5	4	36	9	0	46033	5	3	5	3	1	1	1191	100	0	35103	35103	35103	35103	35103	103012	103012	103012	103012	103012	103012	0	0	0	5	5	40	60	40	60	8	16	8	16	23050	56	58	1	3	0	215	0																																												-1																		0
秘密通道			903	0	1	1	7200	0	46030	5	4	36	9	0	46034	5	3	5	3	1	1	1191	100	0	35103	35103	35103	35103	35103	103012	103012	103012	103012	103012	103012	0	0	0	5	5	40	60	40	60	8	16	8	16	23050	56	58	1	3	0	215	0																																												-1																		0
秘密通道			904	0	1	1	7200	0	46030	5	4	36	9	0	46035	5	3	5	3	1	1	1191	100	0	35103	35103	35103	35103	35103	103012	103012	103012	103012	103012	103012	0	0	0	5	5	40	60	40	60	8	16	8	16	23050	56	58	1	3	0	215	0																																												-1																		0
秘密通道			905	0	1	1	7200	0	46030	5	4	36	9	0	46036	5	3	5	3	1	1	1191	100	0	35103	35103	35103	35103	35103	103012	103012	103012	103012	103012	103012	0	0	0	5	5	40	60	40	60	8	16	8	16	23050	56	58	1	3	0	215	0																																												-1																		0
魔а芯克			906	0	1	1	14400	0	46045	15	8	15	8	0	46047	25	44	25	44	1	0	3256	100	0	15827	15827	15827	15827	15827	103012	103012	103012	103012	12000	12002	0	0	1	16	16	40	80	40	80	10	20	10	20	23049	64	65	1	3	8	214	0																																												-1																		0
尼洞窟	地下		907	0	1	1	10800	0	43981	40	39	40	39	0	43982	34	41	34	41	1	1	9466	100	0	0	0	0	0	0	0	13272	0	13273	13272	13273	0	0	1	16	16	30	80	30	80	10	20	10	20	24005	71	71	1	3	8	213	0	11098	20	10	1	11099	20	10	1	11100	20	10	2	11101	20	10	2	15053	20	5	3	15052	20	5	3	15058	20	5	4	15059	20	5	4	15060	20	5	5	15061	20	5	5				-1																		12
u之洞窟	地下		908	0	1	1	12600	0	46055	14	12	14	12	0	46057	42	28	42	28	1	1	7623	100	0	0	0	0	0	0	103012	103012	103012	103012	13272	13273	0	0	1	9	9	30	80	30	80	10	20	10	20	24008	73	73	1	3	5	213	0																																												-1																		0
u之洞窟	地下		909	0	1	1	12900	0	46056	47	4	47	4	0	46058	13	25	13	25	1	1	7623	100	0	0	0	0	0	0	0	103012	103012	103012	13272	13273	0	0	1	9	9	30	80	30	80	10	20	10	20	24008	73	73	1	3	5	213	0																																												-1																		0
裟У拿m	第		911	0	1	1	14400	0	59715	233	116	233	116	0	59715	214	36	214	36	1	1	9482	100	0	0	0	0	0	0	103012	103012	103012	103012	17964	17965	0	0	1	5	5	80	100	80	100	15	20	15	20	306000	20	25	1	5	0	214	1	15068	20	8	1	15070	20	8	1	15072	40	8	1	15074	40	8	1	15076	60	5	1	15079	60	5	1	15080	80	5	1	15081	80	5	1	12497	100	8	1	12499	100	8	1				-1	806343	100															214	0
x洞	地下		912	0	1	1	7200	0	59503	202	264	204	266	0	59714	33	144	33	144	1	1	7639	100	0	0	0	0	0	0	103012	103012	103012	103012	13272	13273	0	0	1	5	8	50	70	50	70	5	10	10	20	305100	30	35	1	3	5	215	1																																												-1	806344	100	806345	100	806369	100	804830	100										0
羽音洞窟	第		913	0	1	1	18000	0	59503	72	161	73	166	0						1	1	9555	100	0	0	0	0	0	0	103012	103012	103012	103012	17974	17975	0	0	1	3	3	60	80	60	80	15	20	15	20	306002	32	35	1	3	0	216	1	15011	20	10	1	15012	20	10	1	15013	20	10	2	15014	20	10	2	15015	15	10	3	15016	15	10	3	15017	15	5	4	15018	15	5	4	15019	10	5	5	15020	10	5	5				-1	806346	100	806347	100														0
#勒森林　外城		A	914	0	1	1	14400	0	59714	69	111	69	111	0	59717	91	172	91	172	1	1	3256	100	0	15827	15827	15827	15827	15827	103012	103012	103012	103012	12000	12002	0	0	1	3	3	80	100	80	100	20	40	20	40	305110	60	75	2	3	2	214	0																																												-1	806348	100	806349	100														0
#勒森林　火之I域		^	915	0	1	1	7200	0	59717	140	71	140	71	0	59717	213	51	213	51	1	1	9618	100	0	0	0	0	0	0	103012	103012	103012	103012	17982	17983	0	0	1	4	5	50	80	50	80	20	40	20	40	305130	67	77	2	3	4	215	1																																												-1	805001	100	805002	100														8
#勒森林　水之I域		^	916	0	1	1	7200	0	59717	147	86	147	86	0	59717	242	74	242	74	1	1	9491	100	0	0	0	0	0	0	103012	103012	103012	103012	17966	17967	0	0	1	4	5	60	90	50	90	20	30	20	30	305135	67	77	2	3	5	215	0																																												-1	805003	100	805004	100														2
#勒森林　土之I域		^	917	0	1	1	7200	0	59717	183	21	183	21	0	59717	255	93	255	93	1	1	9523	100	0	0	0	0	0	0	103012	103012	103012	103012	17970	17971	0	0	1	4	5	80	100	80	100	30	50	30	50	305125	77	87	2	3	7	215	1																																												-1	805005	100	805006	100														4
#勒森林　本城	地下	A	918	0	1	1	14400	0	59717	199	108	199	108	0	59717	249	292	249	292	1	1	9344	100	0	0	0	0	0	0	103012	103012	103012	103012	17962	17963	0	0	1	3	8	70	90	60	90	20	30	20	30	305115	67	77	2	0	5	215	1																																												-1	804998	100	804999	100													2	5
#勒森林　本城	地下	A	919	0	1	1	7200	0	59717	262	320	262	320	0	59717	324	179	324	179	1	1	9344	100	0	0	0	0	0	0	103012	103012	103012	103012	17962	17963	0	0	1	5	6	50	60	50	60	15	30	15	30	305120	77	87	2	0	10	215	1																																												-1	805000	100															2	5
#S收窟	地下	A	920	0	1	1	7200	0	59715	275	112	275	112	0	59715	318	127	318	127	1	1	9682	100	0	0	0	0	0	0	103012	103012	103012	103012	17990	17991	0	0	1	1	1	50	70	50	70	10	20	10	20	306020	1	50	1	3	75	215	0																																												-1	804910	100	804911	100	804912	100	804913	100	804914	100	804920	100	804921	100	804922	100		10
#收祭迷m	地下	A	921	0	1	1	7200	0	59715	318	145	318	145	0	59715	264	176	264	176	1	1	9682	100	0	0	0	0	0	0	103012	103012	103012	103012	17990	17991	0	0	1	1	1	50	70	50	70	10	20	10	20	305150	51	100	1	3	100	215	0																																												-1	804915	100	804916	100	804917	100	804918	100	804919	100	804923	100	804924	100	804936	100		10
海底墓鐾庠	第	地	922	0	1	1	7200	0	59714	122	69	122	69	0	59714	142	69	142	69	1	1	9491	100	0	0	0	0	0	0	103012	103012	103012	103012	17966	17967	0	0	1	4	5	60	90	50	90	20	30	20	30	305180	25	30	2	3	5	215	0																																												-1	806401	100	806459	100	806460	100	806461	100	806462	100	806474	100	806475	100				2
四昏神的I域	地下	A	923	0	1	1	14400	0	59716	166	141	166	141	0	59716	67	184	67	184	1	1	9555	100	0	0	0	0	0	0	103012	103012	103012	103012	17974	17975	0	0	1	5	7	40	80	40	80	10	20	10	20	305202	25	30	1	3	4	214	0					15012	10	5	1	15013	10	5	1	15014	10	5	1	15015	10	5	1	15016	10	5	1	15017	10	5	1	15018	10	5	1	15019	10	5	1	15020	10	5	1				-1																	214	6
深草G洞	第		924	0	1	1	14400	0	59715	315	213	315	213	0	59715	119	86	119	86	1	1	9482	100	0	0	0	0	0	0	103012	103012	103012	103012	17964	17965	0	0	1	5	5	80	100	80	100	20	30	20	30	305220	45	50	1	3	0	214	1	15068	20	8	1	15070	20	8	1	15072	40	8	1	15074	40	8	1	12478	20	5	1	12480	20	5	1	12482	40	8	1	12484	40	8	1	12497	100	10	1	12499	100	10	1				-1	804848	100	804849	100													214	0
怨`洞窟	第		925	0	1	1	14400	0	59715	123	104	123	104	0						1	1	9618	100	0	0	0	0	0	0	103012	103012	103012	103012	17982	17983	0	0	1	8	8	80	100	80	100	20	30	20	30	305221	50	65	2	3	0	214	1																																												-1	804852	100	804853	100	804854	100											214	0
白之兵	第		936	0	1	1	28800	0	59750	52	159	52	159	0	59750	158	187	158	187	1	1	8177	100	0	0	0	0	0	0	103012	103012	103012	103012	17956	17957	0	0	1	5	5	70	90	70	90	20	30	20	30	306300	60	65	1	3	0	214	1																																												-1	804778	100	804779	100													214	0
白之兵	第		937	0	1	1	28800	0	59750	52	162	52	162	0	59750	158	190	158	190	1	1	8177	100	0	0	0	0	0	0	103012	103012	103012	103012	17956	17957	0	0	1	5	5	70	90	70	90	20	30	20	30	306301	60	65	1	3	0	214	1																																												-1	804780	100	804781	100													214	0
白之兵	第		938	0	1	1	28800	0	59750	55	164	55	164	0	59750	156	190	156	190	1	1	8177	100	0	0	0	0	0	0	103012	103012	103012	103012	17956	17957	0	0	1	5	5	70	90	70	90	20	30	20	30	306302	60	65	1	3	0	214	1																																												-1	804782	100	804783	100													214	0
白之兵	第		939	0	1	1	28800	0	59750	59	164	59	164	0	59750	156	187	156	187	1	1	8177	100	0	0	0	0	0	0	103012	103012	103012	103012	17956	17957	0	0	1	5	5	70	90	70	90	20	30	20	30	306303	60	65	1	3	0	214	1																																												-1	804784	100	804785	100													214	0
C密	第		940	0	1	1	43200	0	59750	130	77	130	77	0	59750	196	10	196	10	1	1	3256	100	0	15827	15827	15827	15827	15827	103012	103012	103012	103012	12000	12002	0	0	1	3	3	60	70	60	70	10	20	10	20	306304	84	89	1	3	0	214	0																																												-1																	214	0
C密	第		941	0	1	1	43200	0	59750	162	109	162	109	0	59750	230	44	230	44	1	1	3256	100	0	15827	15827	15827	15827	15827	103012	103012	103012	103012	12000	12002	0	0	1	3	3	60	70	60	70	10	20	10	20	306304	84	89	1	3	0	214	0																																												-1																	214	0
C密	第		942	0	1	1	43200	0	59750	208	305	208	305	0	59750	265	79	265	79	1	1	3256	100	0	15827	15827	15827	15827	15827	103012	103012	103012	103012	12000	12002	0	0	1	3	3	60	70	60	70	10	20	10	20	306304	84	89	1	3	0	214	0																																												-1																	214	0
C密	第		943	0	1	1	43200	0	59750	241	338	241	338	0	59750	300	114	300	114	1	1	3256	100	0	15827	15827	15827	15827	15827	103012	103012	103012	103012	12000	12002	0	0	1	3	3	60	70	60	70	10	20	10	20	306304	84	89	1	3	0	214	0																																												-1																	214	0
心者的避y所	第		944	0	1	1	21600	0	59714	79	125	79	125	0	59714	64	168	64	168	1	0	9491	100	0	0	0	0	0	0	103012	103012	103012	103012	17966	17967	0	0	1	5	5	70	70	70	70	10	20	10	20	306314	49	54	1	3	0	215	1	15082	20	10	1	15083	20	10	1	15084	20	10	2	15085	20	10	2	15086	20	10	3	15087	20	10	3	15088	20	10	4	15089	20	10	4	15090	20	10	5	15091	20	10	5				-1	808009	100	808010	100	808011	100	808012	100										12
{星的考	地下		947	0	1	1	10800	0	59752	208	306	208	306	0	59752	162	109	162	109	1	1	9596	100	0	0	0	0	0	0	103010	103010	103010	103010	17966	17967	0	0	1	15	18	60	80	60	80	10	20	10	20	306338	65	70	1	3	10	215	1																																												-1																		0
t星的考	地下		948	0	1	1	10800	0	59752	241	339	241	339	0	59752	194	141	194	141	1	1	9666	100	0	0	0	0	0	0	103011	103011	103011	103011	17988	17989	0	0	1	15	18	60	80	60	80	10	20	10	20	306340	65	70	1	3	10	215	1																																												-1																		0
秘密回廊			949	0	1	1	28800	0	59752	140	77	140	77	0	59752	157	190	157	190	1	1	3256	100	0	15827	15827	15827	15827	15827	103012	103012	103012	103012	12000	12002	0	0	1	25	25	70	90	70	90	10	20	10	20	308090	51	60	2	3	5	214	0																																												-1																		0
冒U庭@	地下	A	945	0	1	1	7200	0	59750	84	268	84	268	0	59753	47	169	47	169	1	1	9714	100	0	0	0	0	0	0	103012	103012	103012	103012	17994	17995	0	0	1	1	1	50	70	50	70	10	20	10	20	308026	1	50	1	3	150	215	0																																												-1	804484	100	804485	100	804487	100	804488	100	804489	100	804490	100	804491	100	804492	100		10
流沙骨洞	地下	A	946	0	1	1	7200	0	59753	59	181	59	181	0	59753	201	19	201	19	1	1	7804	100	0	13081	13109	13087	13083	13096	103012	103012	103012	103012	13998	13999	0	0	1	1	1	50	70	50	70	10	20	10	20	306331	50	100	1	3	200	215	0	15158	100	5	1	15160	40	5	1	15164	20	5	1	15167	10	5	1	15177	40	5	1	15178	20	5	1	15184	10	3	1	15186	10	3	1	15191	5	3	1	15197	5	3	1				-1	804493	100	804494	100	804496	100	804497	100	804498	100	804499	100	804500	100	804201	100		0
黑迷m	第		950	0	1	1	10800	0	59933	100	95	100	95	0	59934	145	56	145	56	1	0	2305	100	0	0	0	0	0	0	103012	103012	103012	103012	17980	17981	0	0	1	19	23	40	60	40	60	10	20	10	20	306403	95	95	0	3	10	214	0	15000	40	10	1	15001	40	10	1	15002	40	10	1	15003	30	10	2	15004	30	10	2	15005	30	10	2	15006	20	10	3	15007	20	10	3	15008	20	10	3								-1	809198	100																6
通往拥碾A梯		A	951	0	1	1	14400	0	59988	203	14	203	14	0	59988	157	60	157	60	1	0	1003	100	0	17089	17089	17089	17089	17087	103010	103010	103012	103012	13996	13997	0	0	1	20	20	60	90	60	90	10	20	10	20	308091	65	70	1	1	4	214	0																																												-1																		7
睿奇洞窟	地下		3001	0	1	1	2700	0	32501	18	22	18	22	0						1	1	7623	100	0	0	0	0	0	0	103012	103012	17976	103012	17954	17955	0	0	1	10	10	50	70	50	70	10	15	10	15	40063	32	36	1	3	10	213	1	12197	50	15	1	12198	50	20	1	12199	50	15	2	12200	50	25	2	12203	50	20	1	12222	50	8	1	12223	50	10	1	12218	50	18	2	12220	50	17	2	12209	50	7	2				-1	1100202	100	1100203	100	1100703	100	1100706	100	1100707	100	1100708	100	1100709	100	1100710	100	213	12
eW波多洞窟	地下		3002	0	1	1	7200	0	32511	14	7	32	58	0	32512	13	6	13	6	1	1	7623	100	0	0	0	0	0	0	103012	103012	17976	103012	17954	17955	0	0	1	14	16	55	75	55	75	12	18	12	18	40027	21	25	2	3	10	213	1	12197	50	15	1	12198	50	20	1	12199	50	15	2	12200	50	25	2	12203	50	20	1	12222	50	8	1	12223	50	10	1	12218	50	18	2	12220	50	17	2	12209	50	7	2				-1																	213	12
利利可洞窟	地下		3003	0	1	1	14400	0	32505	9	27	9	27	0	32507	17	25	17	25	1	1	7623	100	0	0	0	0	0	0	103012	103012	103012	103012	17954	17955	0	0	1	13	13	40	60	40	60	10	12	10	12	40029	32	36	2	4	10	215	0																																												-1																	215	12
rg	：	00年後	3004	0	1	1	14400	0	30326	21	18	21	18	0	30320	36	26	36	26	1	1	6660	0	0	15874	0	0	0	0	103012	103012	103012	103012	103012	103012	0	0	1	5	5	30	30	60	60	10	10	20	20	40031	30	33	2	3	5	215	0	16867	90	10	1																																								-1																	215	12
境走廊	地下		3005	0	1	1	28800	0	30314	23	23	23	23	0	30315	7	23	7	23	1	1	9482	100	0	0	0	0	0	0	103012	103012	103012	103012	17964	17965	0	0	1	7	7	30	30	60	60	10	10	20	20	40032	30	33	2	3	0	214	1	15068	20	8	1	15070	20	8	1	15072	40	8	1	15074	40	8	1	15076	60	8	1	15079	60	8	1	15080	80	8	1	15081	80	8	1	12497	100	5	1	12499	100	5	1				-1																	214	12
境走廊	地下		3006	0	1	1	28800	0	30319	23	23	23	23	0	30320	7	23	7	23	1	1	9482	100	0	0	0	0	0	0	103012	103012	103012	103012	17964	17965	0	0	1	7	7	30	30	60	60	10	10	20	20	40033	30	33	2	3	0	214	1	15068	20	8	1	15070	20	8	1	15072	40	8	1	15074	40	8	1	15076	60	8	1	15079	60	8	1	15080	80	8	1	15081	80	8	1	12497	100	5	1	12499	100	5	1				-1																	214	12
R斯的刃氖澜	第		3007	0	1	1	14400	0	30192	37	27	37	27	0						1	1	4000	0	0	0	0	0	0	0	103012	103012	103012	103012	103012	103012	0	0	1	3	3	100	100	102	102	50	60	50	60	40044	32	39	2	3	3	213	0	11573	90	2	1	11571	90	2	1																																				-1	1100404	100	1100405	100	1100406	100	1100409	100	1100419	100							213	12
力斯zE	地下		3008	0	1	1	28800	0	32531	9	3	9	3	0	32532	43	29	43	29	1	1	9532	100	0	0	0	0	0	0	103012	103012	103012	103012	17964	17965	0	0	1	15	15	90	100	90	100	30	40	30	40	40043	40	42	2	2	50	214	1	15068	20	8	1	15070	20	8	1	15072	40	8	1	15074	40	8	1	15076	60	8	1	15079	60	8	1	15080	80	8	1	15081	80	8	1	12497	100	5	1	12499	100	5	1				-1																	214	12
箱洞窟	地下		3009	0	1	1	10800	0	32629	54	7	54	7	0	30106	46	26	46	26	1	1	7639	100	0	0	0	0	0	0	103012	103012	103012	17955	17954	17955	0	0	1	2	4	60	80	60	80	15	20	15	20	40029	32	36	1	1	70	213	0	12197	50	15	1	12198	50	20	1	12199	50	15	2	12200	50	25	2	12203	50	20	1	12222	50	8	1	12223	50	10	1	12218	50	18	2	12220	50	17	2	12209	50	7	2																					213	6
#V坑	地下		4000	0	1	1	14400	0	32660	5	29	5	29	0	32661	19	7	19	7	1	1	7639	100	0	13324	13324	13324	13324	13324	13271	13270	13270	13271	13270	13271	0	0	1	5	5	80	80	80	80	20	20	20	20	103004	11	12	2	2	0	214	1																																																													201	0
迷m地z			4006	0	1	1	14400	0	32378	59	92	80	93	0	32378	51	95	51	95	1	1	9491	100	0	0	0	0	0	0	103010	103010	103010	103010	17966	17967	0	0	1	2	4	60	80	30	45	10	20	10	20	103106	20	30	1	3	5	214	1	15082	20	10	1	15083	20	10	1	15084	20	10	2	15085	20	10	2	15086	20	10	3	15087	20	10	3	15088	20	10	4	15089	20	10	4	15090	20	10	5	15091	20	10	5				-1	1051427	60	1051428	30	1051429	10												2
迷m地z			4007	0	1	1	14400	0	32378	79	63	79	91	0	32379	61	92	61	92	1	1	9491	100	0	0	0	0	0	0	103010	103010	103010	103010	17966	17967	0	0	1	2	4	60	80	30	45	10	20	10	20	103106	20	30	1	3	5	214	1	15082	20	10	1	15083	20	10	1	15084	20	10	2	15085	20	10	2	15086	20	10	3	15087	20	10	3	15088	20	10	4	15089	20	10	4	15090	20	10	5	15091	20	10	5				-1	1051427	60	1051428	30	1051429	10												2
迷m地z			4008	0	1	1	14400	0	32378	80	63	80	91	0						1	1	9491	100	0	0	0	0	0	0	103010	103010	103010	103010	17966	17967	0	0	1	2	4	60	80	30	45	10	20	10	20	103106	20	30	1	3	5	214	1	15082	20	10	1	15083	20	10	1	15084	20	10	2	15085	20	10	2	15086	20	10	3	15087	20	10	3	15088	20	10	4	15089	20	10	4	15090	20	10	5	15091	20	10	5				-1	1051427	60	1051428	30	1051429	10												2
迷m地z			4009	0	1	1	14400	0	32378	18	93	51	93	0	32378	7	80	7	80	1	1	9491	100	0	0	0	0	0	0	103010	103010	103010	103010	17966	17967	0	0	1	2	4	60	80	30	45	10	20	10	20	103106	20	30	1	3	5	214	1	15082	20	10	1	15083	20	10	1	15084	20	10	2	15085	20	10	2	15086	20	10	3	15087	20	10	3	15088	20	10	4	15089	20	10	4	15090	20	10	5	15091	20	10	5				-1	1051427	60	1051428	30	1051429	10												2
迷m地z			4010	0	1	1	14400	0	32378	18	92	50	90	0	32379	51	95	51	95	1	1	9491	100	0	0	0	0	0	0	103010	103010	103010	103010	17966	17967	0	0	1	2	4	60	80	30	45	10	20	10	20	103106	20	30	1	3	5	214	1	15082	20	10	1	15083	20	10	1	15084	20	10	2	15085	20	10	2	15086	20	10	3	15087	20	10	3	15088	20	10	4	15089	20	10	4	15090	20	10	5	15091	20	10	5				-1	1051427	60	1051428	30	1051429	10												2
迷m地z			4011	0	1	1	14400	0	32378	51	84	71	86	0						1	1	9491	100	0	0	0	0	0	0	103010	103010	103010	103010	17966	17967	0	0	1	2	4	60	80	30	45	10	20	10	20	103106	20	30	1	3	5	214	1	15082	20	10	1	15083	20	10	1	15084	20	10	2	15085	20	10	2	15086	20	10	3	15087	20	10	3	15088	20	10	4	15089	20	10	4	15090	20	10	5	15091	20	10	5				-1	1051427	60	1051428	30	1051429	10												2
迷m地z			4012	0	1	1	14400	0	32378	10	83	44	84	0	32378	17	63	17	63	1	1	9491	100	0	0	0	0	0	0	103010	103010	103010	103010	17966	17967	0	0	1	2	4	60	80	30	45	10	20	10	20	103106	20	30	1	3	5	214	1	15082	20	10	1	15083	20	10	1	15084	20	10	2	15085	20	10	2	15086	20	10	3	15087	20	10	3	15088	20	10	4	15089	20	10	4	15090	20	10	5	15091	20	10	5				-1	1051427	60	1051428	30	1051429	10												2
迷m地z			4013	0	1	1	14400	0	32378	8	63	9	79	0	32379	7	80	7	80	1	1	9491	100	0	0	0	0	0	0	103010	103010	103010	103010	17966	17967	0	0	1	2	4	60	80	30	45	10	20	10	20	103106	20	30	1	3	5	214	1	15082	20	10	1	15083	20	10	1	15084	20	10	2	15085	20	10	2	15086	20	10	3	15087	20	10	3	15088	20	10	4	15089	20	10	4	15090	20	10	5	15091	20	10	5				-1	1051427	60	1051428	30	1051429	10												2
迷m地z			4014	0	1	1	14400	0	32378	8	81	9	93	0						1	1	9491	100	0	0	0	0	0	0	103010	103010	103010	103010	17966	17967	0	0	1	2	4	60	80	30	45	10	20	10	20	103106	20	30	1	3	5	214	1	15082	20	10	1	15083	20	10	1	15084	20	10	2	15085	20	10	2	15086	20	10	3	15087	20	10	3	15088	20	10	4	15089	20	10	4	15090	20	10	5	15091	20	10	5				-1	1051427	60	1051428	30	1051429	10												2
迷m地z			4015	0	1	1	14400	0	32378	17	64	20	77	0	32378	36	64	36	64	1	1	9491	100	0	0	0	0	0	0	103010	103010	103010	103010	17966	17967	0	0	1	2	4	60	80	30	45	10	20	10	20	103106	20	30	1	3	5	214	1	15082	20	10	1	15083	20	10	1	15084	20	10	2	15085	20	10	2	15086	20	10	3	15087	20	10	3	15088	20	10	4	15089	20	10	4	15090	20	10	5	15091	20	10	5				-1	1051427	60	1051428	30	1051429	10												2
迷m地z			4016	0	1	1	14400	0	32378	29	76	49	76	0	32379	17	63	17	63	1	1	9491	100	0	0	0	0	0	0	103010	103010	103010	103010	17966	17967	0	0	1	2	4	60	80	30	45	10	20	10	20	103106	20	30	1	3	5	214	1	15082	20	10	1	15083	20	10	1	15084	20	10	2	15085	20	10	2	15086	20	10	3	15087	20	10	3	15088	20	10	4	15089	20	10	4	15090	20	10	5	15091	20	10	5				-1	1051427	60	1051428	30	1051429	10												2
迷m地z			4017	0	1	1	14400	0	32378	29	77	49	77	0						1	1	9491	100	0	0	0	0	0	0	103010	103010	103010	103010	17966	17967	0	0	1	2	4	60	80	30	45	10	20	10	20	103106	20	30	1	3	5	214	1	15082	20	10	1	15083	20	10	1	15084	20	10	2	15085	20	10	2	15086	20	10	3	15087	20	10	3	15088	20	10	4	15089	20	10	4	15090	20	10	5	15091	20	10	5				-1	1051427	60	1051428	30	1051429	10												2
迷m地z			4018	0	1	1	14400	0	32378	25	63	27	70	0	32378	60	77	60	77	1	1	9491	100	0	0	0	0	0	0	103010	103010	103010	103010	17966	17967	0	0	1	2	4	60	80	30	45	10	20	10	20	103106	20	30	1	3	5	214	1	15082	20	10	1	15083	20	10	1	15084	20	10	2	15085	20	10	2	15086	20	10	3	15087	20	10	3	15088	20	10	4	15089	20	10	4	15090	20	10	5	15091	20	10	5				-1	1051427	60	1051428	30	1051429	10												2
迷m地z			4019	0	1	1	14400	0	32378	37	63	51	65	0	32379	36	64	36	64	1	1	9491	100	0	0	0	0	0	0	103010	103010	103010	103010	17966	17967	0	0	1	2	4	60	80	30	45	10	20	10	20	103106	20	30	1	3	5	214	1	15082	20	10	1	15083	20	10	1	15084	20	10	2	15085	20	10	2	15086	20	10	3	15087	20	10	3	15088	20	10	4	15089	20	10	4	15090	20	10	5	15091	20	10	5				-1	1051427	60	1051428	30	1051429	10												2
迷m地z			4020	0	1	1	14400	0	32378	54	69	56	78	0						1	1	9491	100	0	0	0	0	0	0	103010	103010	103010	103010	17966	17967	0	0	1	2	4	60	80	30	45	10	20	10	20	103106	20	30	1	3	5	214	1	15082	20	10	1	15083	20	10	1	15084	20	10	2	15085	20	10	2	15086	20	10	3	15087	20	10	3	15088	20	10	4	15089	20	10	4	15090	20	10	5	15091	20	10	5				-1	1051427	60	1051428	30	1051429	10												2
迷m地z			4021	0	1	1	14400	0	32378	61	63	71	68	0	32378	60	47	60	47	1	1	9491	100	0	0	0	0	0	0	103010	103010	103010	103010	17966	17967	0	0	1	2	4	60	80	30	45	10	20	10	20	103106	20	30	1	3	5	214	1	15082	20	10	1	15083	20	10	1	15084	20	10	2	15085	20	10	2	15086	20	10	3	15087	20	10	3	15088	20	10	4	15089	20	10	4	15090	20	10	5	15091	20	10	5				-1	1051427	60	1051428	30	1051429	10												2
迷m地z			4022	0	1	1	14400	0	32378	61	69	71	75	0	32379	60	77	60	77	1	1	9491	100	0	0	0	0	0	0	103010	103010	103010	103010	17966	17967	0	0	1	2	4	60	80	30	45	10	20	10	20	103106	20	30	1	3	5	214	1	15082	20	10	1	15083	20	10	1	15084	20	10	2	15085	20	10	2	15086	20	10	3	15087	20	10	3	15088	20	10	4	15089	20	10	4	15090	20	10	5	15091	20	10	5				-1	1051427	60	1051428	30	1051429	10												2
迷m地z			4023	0	1	1	14400	0	32378	61	76	71	78	0						1	1	9491	100	0	0	0	0	0	0	103010	103010	103010	103010	17966	17967	0	0	1	2	4	60	80	30	45	10	20	10	20	103106	20	30	1	3	5	214	1	15082	20	10	1	15083	20	10	1	15084	20	10	2	15085	20	10	2	15086	20	10	3	15087	20	10	3	15088	20	10	4	15089	20	10	4	15090	20	10	5	15091	20	10	5				-1	1051427	60	1051428	30	1051429	10												2
迷m地z			4024	0	1	1	14400	0	32378	61	47	69	49	0	32378	31	50	31	50	1	1	9491	100	0	0	0	0	0	0	103010	103010	103010	103010	17966	17967	0	0	1	2	4	60	80	30	45	10	20	10	20	103106	20	30	1	3	5	214	1	15082	20	10	1	15083	20	10	1	15084	20	10	2	15085	20	10	2	15086	20	10	3	15087	20	10	3	15088	20	10	4	15089	20	10	4	15090	20	10	5	15091	20	10	5				-1	1051427	60	1051428	30	1051429	10												2
迷m地z			4025	0	1	1	14400	0	32378	70	47	79	49	0	32379	60	47	60	47	1	1	9491	100	0	0	0	0	0	0	103010	103010	103010	103010	17966	17967	0	0	1	2	4	60	80	30	45	10	20	10	20	103106	20	30	1	3	5	214	1	15082	20	10	1	15083	20	10	1	15084	20	10	2	15085	20	10	2	15086	20	10	3	15087	20	10	3	15088	20	10	4	15089	20	10	4	15090	20	10	5	15091	20	10	5				-1	1051427	60	1051428	30	1051429	10												2
迷m地z			4026	0	1	1	14400	0	32378	80	47	86	49	0						1	1	9491	100	0	0	0	0	0	0	103010	103010	103010	103010	17966	17967	0	0	1	2	4	60	80	30	45	10	20	10	20	103106	20	30	1	3	5	214	1	15082	20	10	1	15083	20	10	1	15084	20	10	2	15085	20	10	2	15086	20	10	3	15087	20	10	3	15088	20	10	4	15089	20	10	4	15090	20	10	5	15091	20	10	5				-1	1051427	60	1051428	30	1051429	10												2
迷m地z			4027	0	1	1	14400	0	32378	24	33	28	51	0	32378	40	16	40	16	1	1	9491	100	0	0	0	0	0	0	103010	103010	103010	103010	17966	17967	0	0	1	2	4	60	80	30	45	10	20	10	20	103106	20	30	1	3	5	214	1	15082	20	10	1	15083	20	10	1	15084	20	10	2	15085	20	10	2	15086	20	10	3	15087	20	10	3	15088	20	10	4	15089	20	10	4	15090	20	10	5	15091	20	10	5				-1	1051427	60	1051428	30	1051429	10												2
迷m地z			4028	0	1	1	14400	0	32378	33	33	34	49	0	32379	31	50	31	50	1	1	9491	100	0	0	0	0	0	0	103010	103010	103010	103010	17966	17967	0	0	1	2	4	60	80	30	45	10	20	10	20	103106	20	30	1	3	5	214	1	15082	20	10	1	15083	20	10	1	15084	20	10	2	15085	20	10	2	15086	20	10	3	15087	20	10	3	15088	20	10	4	15089	20	10	4	15090	20	10	5	15091	20	10	5				-1	1051427	60	1051428	30	1051429	10												2
迷m地z			4029	0	1	1	14400	0	32378	36	47	54	49	0						1	1	9491	100	0	0	0	0	0	0	103010	103010	103010	103010	17966	17967	0	0	1	2	4	60	80	30	45	10	20	10	20	103106	20	30	1	3	5	214	1	15082	20	10	1	15083	20	10	1	15084	20	10	2	15085	20	10	2	15086	20	10	3	15087	20	10	3	15088	20	10	4	15089	20	10	4	15090	20	10	5	15091	20	10	5				-1	1051427	60	1051428	30	1051429	10												2
迷m地z			4030	0	1	1	14400	0	32378	7	50	18	50	0	32378	82	8	82	8	1	1	9491	100	0	0	0	0	0	0	103010	103010	103010	103010	17966	17967	0	0	1	2	4	60	80	30	45	10	20	10	20	103106	20	30	1	3	5	214	1	15082	20	10	1	15083	20	10	1	15084	20	10	2	15085	20	10	2	15086	20	10	3	15087	20	10	3	15088	20	10	4	15089	20	10	4	15090	20	10	5	15091	20	10	5				-1	1051427	60	1051428	30	1051429	10												2
迷m地z			4031	0	1	1	14400	0	32378	7	49	18	49	0	32379	11	47	11	47	1	1	9491	100	0	0	0	0	0	0	103010	103010	103010	103010	17966	17967	0	0	1	2	4	60	80	30	45	10	20	10	20	103106	20	30	1	3	5	214	1	15082	20	10	1	15083	20	10	1	15084	20	10	2	15085	20	10	2	15086	20	10	3	15087	20	10	3	15088	20	10	4	15089	20	10	4	15090	20	10	5	15091	20	10	5				-1	1051427	60	1051428	30	1051429	10												2
迷m地z			4032	0	1	1	14400	0	32378	7	48	18	48	0						1	1	9491	100	0	0	0	0	0	0	103010	103010	103010	103010	17966	17967	0	0	1	2	4	60	80	30	45	10	20	10	20	103106	20	30	1	3	5	214	1	15082	20	10	1	15083	20	10	1	15084	20	10	2	15085	20	10	2	15086	20	10	3	15087	20	10	3	15088	20	10	4	15089	20	10	4	15090	20	10	5	15091	20	10	5				-1	1051427	60	1051428	30	1051429	10												2
迷m地z			4033	0	1	1	14400	0	32378	7	36	18	38	0	32378	11	47	11	47	1	1	9491	100	0	0	0	0	0	0	103010	103010	103010	103010	17966	17967	0	0	1	2	4	60	80	30	45	10	20	10	20	103106	20	30	1	3	5	214	1	15082	20	10	1	15083	20	10	1	15084	20	10	2	15085	20	10	2	15086	20	10	3	15087	20	10	3	15088	20	10	4	15089	20	10	4	15090	20	10	5	15091	20	10	5				-1	1051427	60	1051428	30	1051429	10												2
迷m地z			4034	0	1	1	14400	0	32378	16	15	18	33	0	32379	32	26	32	26	1	1	9491	100	0	0	0	0	0	0	103010	103010	103010	103010	17966	17967	0	0	1	2	4	60	80	30	45	10	20	10	20	103106	20	30	1	3	5	214	1	15082	20	10	1	15083	20	10	1	15084	20	10	2	15085	20	10	2	15086	20	10	3	15087	20	10	3	15088	20	10	4	15089	20	10	4	15090	20	10	5	15091	20	10	5				-1	1051427	60	1051428	30	1051429	10												2
迷m地z			4035	0	1	1	14400	0	32378	19	24	32	25	0						1	1	9491	100	0	0	0	0	0	0	103010	103010	103010	103010	17966	17967	0	0	1	2	4	60	80	30	45	10	20	10	20	103106	20	30	1	3	5	214	1	15082	20	10	1	15083	20	10	1	15084	20	10	2	15085	20	10	2	15086	20	10	3	15087	20	10	3	15088	20	10	4	15089	20	10	4	15090	20	10	5	15091	20	10	5				-1	1051427	60	1051428	30	1051429	10												2
迷m地z			4036	0	1	1	14400	0	32378	7	24	9	29	0	32378	32	26	32	26	1	1	9491	100	0	0	0	0	0	0	103010	103010	103010	103010	17966	17967	0	0	1	2	4	60	80	30	45	10	20	10	20	103106	20	30	1	3	5	214	1	15082	20	10	1	15083	20	10	1	15084	20	10	2	15085	20	10	2	15086	20	10	3	15087	20	10	3	15088	20	10	4	15089	20	10	4	15090	20	10	5	15091	20	10	5				-1	1051427	60	1051428	30	1051429	10												2
迷m地z			4037	0	1	1	14400	0	32378	7	9	9	23	0	32379	6	8	6	8	1	1	9491	100	0	0	0	0	0	0	103010	103010	103010	103010	17966	17967	0	0	1	2	4	60	80	30	45	10	20	10	20	103106	20	30	1	3	5	214	1	15082	20	10	1	15083	20	10	1	15084	20	10	2	15085	20	10	2	15086	20	10	3	15087	20	10	3	15088	20	10	4	15089	20	10	4	15090	20	10	5	15091	20	10	5				-1	1051427	60	1051428	30	1051429	10												2
迷m地z			4038	0	1	1	14400	0	32378	14	8	21	10	0						1	1	9491	100	0	0	0	0	0	0	103010	103010	103010	103010	17966	17967	0	0	1	2	4	60	80	30	45	10	20	10	20	103106	20	30	1	3	5	214	1	15082	20	10	1	15083	20	10	1	15084	20	10	2	15085	20	10	2	15086	20	10	3	15087	20	10	3	15088	20	10	4	15089	20	10	4	15090	20	10	5	15091	20	10	5				-1	1051427	60	1051428	30	1051429	10												2
迷m地z			4039	0	1	1	14400	0	32378	24	16	29	18	0	32378	6	8	6	8	1	1	9491	100	0	0	0	0	0	0	103010	103010	103010	103010	17966	17967	0	0	1	2	4	60	80	30	45	10	20	10	20	103106	20	30	1	3	5	214	1	15082	20	10	1	15083	20	10	1	15084	20	10	2	15085	20	10	2	15086	20	10	3	15087	20	10	3	15088	20	10	4	15089	20	10	4	15090	20	10	5	15091	20	10	5				-1	1051427	60	1051428	30	1051429	10												2
迷m地z			4040	0	1	1	14400	0	32378	39	30	41	41	0	32379	40	16	40	16	1	1	9491	100	0	0	0	0	0	0	103010	103010	103010	103010	17966	17967	0	0	1	2	4	60	80	30	45	10	20	10	20	103106	20	30	1	3	5	214	1	15082	20	10	1	15083	20	10	1	15084	20	10	2	15085	20	10	2	15086	20	10	3	15087	20	10	3	15088	20	10	4	15089	20	10	4	15090	20	10	5	15091	20	10	5				-1	1051427	60	1051428	30	1051429	10												2
迷m地z			4041	0	1	1	14400	0	32378	39	16	41	29	0						1	1	9491	100	0	0	0	0	0	0	103010	103010	103010	103010	17966	17967	0	0	1	2	4	60	80	30	45	10	20	10	20	103106	20	30	1	3	5	214	1	15082	20	10	1	15083	20	10	1	15084	20	10	2	15085	20	10	2	15086	20	10	3	15087	20	10	3	15088	20	10	4	15089	20	10	4	15090	20	10	5	15091	20	10	5				-1	1051427	60	1051428	30	1051429	10												2
迷m地z			4042	0	1	1	14400	0	32378	30	8	47	10	0	32378	6	58	6	58	1	1	9491	100	0	0	0	0	0	0	103010	103010	103010	103010	17966	17967	0	0	1	2	4	60	80	30	45	10	20	10	20	103106	20	30	1	3	5	214	1	15082	20	10	1	15083	20	10	1	15084	20	10	2	15085	20	10	2	15086	20	10	3	15087	20	10	3	15088	20	10	4	15089	20	10	4	15090	20	10	5	15091	20	10	5				-1	1051427	60	1051428	30	1051429	10												2
迷m地z			4043	0	1	1	14400	0	32378	51	8	67	10	0	32379	50	9	50	9	1	1	9491	100	0	0	0	0	0	0	103010	103010	103010	103010	17966	17967	0	0	1	2	4	60	80	30	45	10	20	10	20	103106	20	30	1	3	5	214	1	15082	20	10	1	15083	20	10	1	15084	20	10	2	15085	20	10	2	15086	20	10	3	15087	20	10	3	15088	20	10	4	15089	20	10	4	15090	20	10	5	15091	20	10	5				-1	1051427	60	1051428	30	1051429	10												2
迷m地z			4044	0	1	1	14400	0	32378	49	13	51	40	0						1	1	9491	100	0	0	0	0	0	0	103010	103010	103010	103010	17966	17967	0	0	1	2	4	60	80	30	45	10	20	10	20	103106	20	30	1	3	5	214	1	15082	20	10	1	15083	20	10	1	15084	20	10	2	15085	20	10	2	15086	20	10	3	15087	20	10	3	15088	20	10	4	15089	20	10	4	15090	20	10	5	15091	20	10	5				-1	1051427	60	1051428	30	1051429	10												2
迷m地z			4045	0	1	1	14400	0	32378	58	31	60	40	0	32378	97	43	97	43	1	1	9491	100	0	0	0	0	0	0	103010	103010	103010	103010	17966	17967	0	0	1	2	4	60	80	30	45	10	20	10	20	103106	20	30	1	3	5	214	1	15082	20	10	1	15083	20	10	1	15084	20	10	2	15085	20	10	2	15086	20	10	3	15087	20	10	3	15088	20	10	4	15089	20	10	4	15090	20	10	5	15091	20	10	5				-1	1051427	60	1051428	30	1051429	10												2
迷m地z			4046	0	1	1	14400	0	32378	58	16	68	18	0	32379	65	42	65	42	1	1	9491	100	0	0	0	0	0	0	103010	103010	103010	103010	17966	17967	0	0	1	2	4	60	80	30	45	10	20	10	20	103106	20	30	1	3	5	214	1	15082	20	10	1	15083	20	10	1	15084	20	10	2	15085	20	10	2	15086	20	10	3	15087	20	10	3	15088	20	10	4	15089	20	10	4	15090	20	10	5	15091	20	10	5				-1	1051427	60	1051428	30	1051429	10												2
迷m地z			4047	0	1	1	14400	0	32378	66	35	68	41	0						1	1	9491	100	0	0	0	0	0	0	103010	103010	103010	103010	17966	17967	0	0	1	2	4	60	80	30	45	10	20	10	20	103106	20	30	1	3	5	214	1	15082	20	10	1	15083	20	10	1	15084	20	10	2	15085	20	10	2	15086	20	10	3	15087	20	10	3	15088	20	10	4	15089	20	10	4	15090	20	10	5	15091	20	10	5				-1	1051427	60	1051428	30	1051429	10												2
迷m地z			4048	0	1	1	14400	0	32378	84	8	92	10	0	32378	65	42	65	42	1	1	9491	100	0	0	0	0	0	0	103010	103010	103010	103010	17966	17967	0	0	1	2	4	60	80	30	45	10	20	10	20	103106	20	30	1	3	5	214	1	15082	20	10	1	15083	20	10	1	15084	20	10	2	15085	20	10	2	15086	20	10	3	15087	20	10	3	15088	20	10	4	15089	20	10	4	15090	20	10	5	15091	20	10	5				-1	1051427	60	1051428	30	1051429	10												2
迷m地z			4049	0	1	1	14400	0	32378	74	8	76	41	0	32379	82	8	82	8	1	1	9491	100	0	0	0	0	0	0	103010	103010	103010	103010	17966	17967	0	0	1	2	4	60	80	30	45	10	20	10	20	103106	20	30	1	3	5	214	1	15082	20	10	1	15083	20	10	1	15084	20	10	2	15085	20	10	2	15086	20	10	3	15087	20	10	3	15088	20	10	4	15089	20	10	4	15090	20	10	5	15091	20	10	5				-1	1051427	60	1051428	30	1051429	10												2
迷m地z			4050	0	1	1	14400	0	32378	83	16	85	41	0						1	1	9491	100	0	0	0	0	0	0	103010	103010	103010	103010	17966	17967	0	0	1	2	4	60	80	30	45	10	20	10	20	103106	20	30	1	3	5	214	1	15082	20	10	1	15083	20	10	1	15084	20	10	2	15085	20	10	2	15086	20	10	3	15087	20	10	3	15088	20	10	4	15089	20	10	4	15090	20	10	5	15091	20	10	5				-1	1051427	60	1051428	30	1051429	10												2
迷m地z			4051	0	1	1	14400	0	32378	90	17	96	19	0	32378	50	9	50	9	1	1	9491	100	0	0	0	0	0	0	103010	103010	103010	103010	17966	17967	0	0	1	2	4	60	80	30	45	10	20	10	20	103106	20	30	1	3	5	214	1	15082	20	10	1	15083	20	10	1	15084	20	10	2	15085	20	10	2	15086	20	10	3	15087	20	10	3	15088	20	10	4	15089	20	10	4	15090	20	10	5	15091	20	10	5				-1	1051427	60	1051428	30	1051429	10												2
迷m地z			4052	0	1	1	14400	0	32378	98	8	100	28	0	32379	97	43	97	43	1	1	9491	100	0	0	0	0	0	0	103010	103010	103010	103010	17966	17967	0	0	1	2	4	60	80	30	45	10	20	10	20	103106	20	30	1	3	5	214	1	15082	20	10	1	15083	20	10	1	15084	20	10	2	15085	20	10	2	15086	20	10	3	15087	20	10	3	15088	20	10	4	15089	20	10	4	15090	20	10	5	15091	20	10	5				-1	1051427	60	1051428	30	1051429	10												2
迷m地z			4053	0	1	1	14400	0	32378	98	37	100	42	0						1	1	9491	100	0	0	0	0	0	0	103010	103010	103010	103010	17966	17967	0	0	1	2	4	60	80	30	45	10	20	10	20	103106	20	30	1	3	5	214	1	15082	20	10	1	15083	20	10	1	15084	20	10	2	15085	20	10	2	15086	20	10	3	15087	20	10	3	15088	20	10	4	15089	20	10	4	15090	20	10	5	15091	20	10	5				-1	1051427	60	1051428	30	1051429	10												2
迷m地z			4054	0	1	1	14400	0	32378	92	25	92	25	0	32378	95	133	95	133	1	1	9491	100	0	0	0	0	0	0	103010	103010	103010	103010	17966	17967	0	0	1	1	2	60	80	30	45	10	20	10	20	103106	20	30	1	3	5	214	1	15082	20	10	1	15083	20	10	1	15084	20	10	2	15085	20	10	2	15086	20	10	3	15087	20	10	3	15088	20	10	4	15089	20	10	4	15090	20	10	5	15091	20	10	5				-1	1051427	60	1051428	30	1051429	10												2
商城w			4055	0	1	1	14400	0	32208	30	36	30	36	0	32212	15	12	15	12	1	0	1191	100	0	17065	17065	17065	17065	17065	103012	103012	103012	103012	12000	12002	0	0	1	15	15	60	80	60	80	10	20	10	20	40144	175	182	1	3	10	214	0																																												-1																	214	0
冰之神殿	地下		4056	0	1	1	14400	0	32201	71	313	71	313	0	32226	13	8	13	8	1	1	8175	100	0						103012	103012	103012	103012	17956	17957	0	0	1	15	15	60	80	60	80	10	20	10	20	40145	165	172	1	3	10	215	0																																																														
火炎之谷	地下		4057	0	1	1	14400	0	32202	13	10	13	10	0	32230	13	6	13	6	1	1	2210	100	0	15345	15345	15345	15345	15345	17997	17996	103012	103012	17996	17997	0	0	1	15	15	60	80	60	80	10	20	10	20	40146	170	177	1	3	10	214	0																																												-1																	214	0
砂之塔			4058	0	1	1	14400	0	32200	9	7	9	7	0	32228	15	6	15	6	1	0	7849	100	0	0	0	0	0	0	103012	103012	103012	103012	13996	13997	0	0	1	15	15	60	80	60	80	10	20	10	20	40147	160	167	1	3	10	214	0	12202	10	5	1	12203	10	5	1	12204	10	5	1	12205	10	5	1	12206	10	5	1	12207	10	5	1	12208	10	5	1	12209	10	5	1	12210	10	5	1	12211	10	5	1				-1																	210	6
殷t的山谷		00M	4059	0	1	1	14400	0	30001	440	482	440	482	0	32216	38	17	38	17	1	0	2210	100	0						103012	103012	103012	103012	17982	17983	0	0	1	20	20	60	80	60	80	10	20	10	20	40157	155	162	1	3	0	215	0	233075	50	4	1	233079	70	4	1	233078	70	5	1	12357	70	1	1	12484	70	1	1	12479	70	3	1																				-1																	220	0
彩~原		00M	4060	0	1	1	14400	0	32217	67	28	67	28	0	32215	35	18	35	18	1	0	2210	100	0	0	0	0	0	0	103012	103012	103012	103012	17982	17983	0	0	1	20	20	60	80	60	80	10	20	10	20	40148	180	192	1	4	8	215	0	233075	50	4	1	233079	70	4	1	233078	70	5	1	12357	70	1	1	12484	70	1	1	12479	70	3	1																				-1																	202	9
皇后墓道	地下		4061	0	1	1	14400	0	32204	11	6	11	6	0	32232	24	37	24	37	1	1	7820	100	0	17089	17088	17089	17088	17087	12002	12000	103012	103012	12000	12002	0	0	1	30	33	50	90	50	90	10	20	10	20	40153	190	200	1	3	18	216	0																																												-1																		0
魔族I域	第	I域	4062	0	1	1	21600	0	32243	16	7	16	7	0	32245	6	38	6	38	1	1	3256	100	0	15827	15827	15827	15827	15827	103012	103012	103012	103012	12000	12002	0	0	1	20	25	75	75	75	75	10	20	10	20	23001	65	70	1	3	8	214	0																																												-1																	214	0
魔族通道	地下		4063	0	1	1	21600	0	32244	34	20	34	20	0	32245	95	93	95	93	1	1	7804	100	0	13081	13109	13087	13083	13096	103012	103012	103012	103012	13998	13999	0	0	1	40	45	50	50	100	100	15	20	15	20	23001	65	70	1	3	5	213	1	12202	30	1	1	12203	30	1	1	12207	30	1	1	12209	30	1	1	12216	30	1	1	12219	30	1	1	12221	30	1	1	12212	30	1	1	12224	30	1	1	12217	30	1	1				-1																	211	2
屋地下			4064	0	1	1	14400	0	32088	7	3	7	3		32089	28	18	28	18	1	0	7849	100	0	0	0	0	0	0	13997	13996	13996	13997	13997	13996	0	0	1	15	15	40	60	40	60	10	20	10	20	40179	85	90	1	3	10	214	0	12202	10	5	1	12203	10	5	1	12204	10	5	1	12205	10	5	1	12206	10	5	1	12207	10	5	1	12208	10	5	1	12209	10	5	1	12210	10	5	1	12211	10	5	1				-1																	210	6
障K迷m			4065	0	1	1	14400	0	32100	109	71	115	77	0	32100	11	29	11	29	1	1	9491	100	0	0	0	0	0	0	103010	103010	103010	103010	17966	17967	0	0	1	12	15	60	80	30	45	10	20	10	20	1000	1	30	1	3	50	214	1	15082	20	10	1	15083	20	10	1	15084	20	10	2	15085	20	10	2	15086	20	10	3	15087	20	10	3	15088	20	10	4	15089	20	10	4	15090	20	10	5	15091	20	10	5				-1																		2
海\窟	地下		4067	0	1	1	7200	0	32103	23	16	23	16	0						1	1	9491	100	0	0	0	0	0	0	103010	103010	103010	103010	17966	17967	0	0	1	10	10	50	50	50	50	10	20	10	20	14000	0	0	0	0	500	214	1	15082	20	10	1	15083	20	10	1	15084	20	10	2	15085	20	10	2	15086	20	10	3	15087	20	10	3	15088	20	10	4	15089	20	10	4	15090	20	10	5	15091	20	10	5				-1	1051631	100																2
海\窟	地下		4068	0	1	1	7200	0	32102	23	14	23	14	0						1	1	9491	100	0	0	0	0	0	0	103010	103010	103010	103010	17966	17967	0	0	1	10	10	50	50	50	50	10	20	10	20	14000	0	0	0	0	500	214	1	15082	20	10	1	15083	20	10	1	15084	20	10	2	15085	20	10	2	15086	20	10	3	15087	20	10	3	15088	20	10	4	15089	20	10	4	15090	20	10	5	15091	20	10	5				-1																		2
杜瓦之塔			4069	0	1	1	28800	0	32092	11	3	11	3	0	32098	12	17	12	17	1	0	7849	100	0	0	0	0	0	0	13996	13997	13997	13996	13996	13997	0	0	1	10	12	40	60	40	60	10	20	10	20	40204	90	92	1	3	10	214	0	12202	10	5	1	12203	10	5	1	12204	10	5	1	12205	10	5	1	12206	10	5	1	12207	10	5	1	12208	10	5	1	12209	10	5	1	12210	10	5	1	12211	10	5	1				-1																	210	4
艾汀之塔			4070	0	1	1	28800	0	32091	11	3	11	3	0	32094	12	17	12	17	1	0	7849	100	0	0	0	0	0	0	13996	13997	13997	13996	13996	13997	0	0	1	10	12	40	60	40	60	10	20	10	20	40205	90	92	1	3	10	214	0	12202	10	5	1	12203	10	5	1	12204	10	5	1	12205	10	5	1	12206	10	5	1	12207	10	5	1	12208	10	5	1	12209	10	5	1	12210	10	5	1	12211	10	5	1				-1																	210	6
Z利之塔			4071	0	1	1	28800	0	32093	11	3	11	3	0	32096	12	17	12	17	1	0	7849	100	0	0	0	0	0	0	13996	13997	13997	13996	13996	13997	0	0	1	10	12	40	60	40	60	10	20	10	20	40203	90	92	1	3	10	214	0	12202	10	5	1	12203	10	5	1	12204	10	5	1	12205	10	5	1	12206	10	5	1	12207	10	5	1	12208	10	5	1	12209	10	5	1	12210	10	5	1	12211	10	5	1				-1																	210	8
地下室			4072	0	1	1	14400	0	31910	21	5	21	5	0	31916	21	18	21	18	1	1	1003	100	0	17089	17089	17089	17089	17087	103012	13996	13996	13997	13996	13997	0	0	1	5	5	70	70	70	70	10	20	10	20	40206	40	42	1	1	4	214	0	12202	10	5	1	12203	10	5	1	12204	10	5	1	12205	10	5	1	12206	10	5	1	12207	10	5	1	12208	10	5	1	12209	10	5	1	12210	10	5	1	12211	10	5	1				-1																	210	6
水之廊	地下		4073	0	1	1	14400	0	31914	16	12	16	12	0	31908	17	40	17	40	1	1	9491	100	0	0	0	0	0	0	103012	103012	103012	103012	17966	17967	0	0	1	20	20	40	60	40	60	10	20	10	20	40207	55	59	1	3	10	215	0																																												-1																	220	0
雪之谷	烁	00M	4074	0	1	1	28800	0	30001	429	156	429	156	0	32465	17	32	17	32	1	0	8175	100	0	0	0	0	0	0	103012	17957	17957	17956	17956	17957	0	0	1	3	5	70	70	70	70	10	20	10	20	103145	31	35	1	2	5	215	0	15239	10	1	1	15253	10	1	1	12424	100	5	1	12425	100	1	1	12426	100	1	1	12427	100	1	1	15563	100	1	1	15566	100	1	1	15570	100	1	1	15575	100	1	1				-1																	202	12
巴e塔	4		4075	0	1	1	10800	0	32106	15	17	35	26	0	32107	35	7	35	7	1	0	3009	100	0	17089	17088	17089	17088	17087	12000	12002	12002	12000	12000	12002	17090	17091	1	9	9	50	50	60	60	20	30	20	30	24003	42	43	1	4	5	215	0	12000	10	1	1	11035	100	8	2	11022	1	1	1	10018	100	16	1	11017	100	4	2	10021	100	6	1	10017	100	18	1	11016	100	16	2	10032	100	2	1	10033	100	1	1				-1	5400	100	5401	100	5402	100	5403	100	5404	100	5405	100						12
巴e塔	4		4076	0	1	1	14400	0	32106	15	17	35	26	0	32107	34	34	34	34	1	0	3009	100	0	17089	17088	17089	17088	17087	12000	12002	12002	12000	12000	12002	17090	17091	1	9	9	50	50	60	60	20	30	20	30	24003	42	43	1	4	5	215	0	12000	10	1	1	11035	100	8	2	11022	1	1	1	10018	100	16	1	11017	100	4	2	10021	100	6	1	10017	100	18	1	11016	100	16	2	10032	100	2	1	10033	100	1	1				-1	5400	100	5401	100	5402	100	5403	100	5404	100	5405	100						12
巴e塔	4		4077	0	1	1	10800	0	32106	15	17	35	26	0	32107	15	39	15	39	1	0	3009	100	0	17089	17088	17089	17088	17087	12000	12002	12002	12000	12000	12002	17090	17091	1	9	9	50	50	60	60	20	30	20	30	24003	42	43	1	4	5	215	0	12000	10	1	1	11035	100	8	2	11022	1	1	1	10018	100	16	1	11017	100	4	2	10021	100	6	1	10017	100	18	1	11016	100	16	2	10032	100	2	1	10033	100	1	1				-1	5400	100	5401	100	5402	100	5403	100	5404	100	5405	100						12
巴e塔	5		4078	0	1	1	14400	0	32107	15	15	15	15	0	32108	13	20	13	20	1	0	3009	100	0	17089	17088	17089	17088	17087	12000	12002	12002	12000	12000	12002	17090	17091	1	9	9	50	50	60	60	20	30	20	30	40157	52	55	1	4	5	215	0	12000	10	1	1	11035	100	8	2	11022	1	1	1	10018	100	16	1	11017	100	4	2	10021	100	6	1	10017	100	18	1	11016	100	16	2	10032	100	2	1	10033	100	1	1				-1	5400	100	5401	100	5402	100	5403	100	5404	100	5405	100						12
巴e塔	6		4079	0	1	1	10800	0	32109	14	3	12	3	0	32110	15	6	15	6	1	0	3009	100	0	17089	17088	17089	17088	17087	12000	12002	12002	12000	12000	12002	17090	17091	1	9	9	50	50	60	60	20	30	20	30	40147	62	65	1	4	5	215	0	12000	10	1	1	11035	100	8	2	11022	1	1	1	10018	100	16	1	11017	100	4	2	10021	100	6	1	10017	100	18	1	11016	100	16	2	10032	100	2	1	10033	100	1	1				-1	5400	100	5401	100	5402	100	5403	100	5404	100	5405	100						12
巴e塔	7		4080	0	1	1	10800	0	32110	15	17	35	26	0	32111	35	7	35	7	1	0	3009	100	0	17089	17088	17089	17088	17087	12000	12002	12002	12000	12000	12002	17090	17091	1	9	9	50	50	60	60	20	30	20	30	19005	72	74	1	4	5	215	0	12000	10	1	1	11035	100	8	2	11022	1	1	1	10018	100	16	1	11017	100	4	2	10021	100	6	1	10017	100	18	1	11016	100	16	2	10032	100	2	1	10033	100	1	1				-1	5400	100	5401	100	5402	100	5403	100	5404	100	5405	100						12
巴e塔	7		4081	0	1	1	14400	0	32110	15	17	35	26	0	32111	34	34	34	34	1	0	3009	100	0	17089	17088	17089	17088	17087	12000	12002	12002	12000	12000	12002	17090	17091	1	9	9	50	50	60	60	20	30	20	30	19005	72	74	1	4	5	215	0	12000	10	1	1	11035	100	8	2	11022	1	1	1	10018	100	16	1	11017	100	4	2	10021	100	6	1	10017	100	18	1	11016	100	16	2	10032	100	2	1	10033	100	1	1				-1	5400	100	5401	100	5402	100	5403	100	5404	100	5405	100						12
巴e塔	7		4082	0	1	1	10800	0	32110	15	17	35	26	0	32111	15	39	15	39	1	0	3009	100	0	17089	17088	17089	17088	17087	12000	12002	12002	12000	12000	12002	17090	17091	1	9	9	50	50	60	60	20	30	20	30	19005	72	74	1	4	5	215	0	12000	10	1	1	11035	100	8	2	11022	1	1	1	10018	100	16	1	11017	100	4	2	10021	100	6	1	10017	100	18	1	11016	100	16	2	10032	100	2	1	10033	100	1	1				-1	5400	100	5401	100	5402	100	5403	100	5404	100	5405	100						12
巴e塔	8		4083	0	1	1	14400	0	32111	15	15	15	15	0	32112	31	36	31	36	1	0	3009	100	0	17089	17088	17089	17088	17087	12000	12002	12002	12000	12000	12002	17090	17091	1	9	9	50	50	60	60	20	30	20	30	16000	82	84	1	4	5	215	0	12000	10	1	1	11035	100	8	2	11022	1	1	1	10018	100	16	1	11017	100	4	2	10021	100	6	1	10017	100	18	1	11016	100	16	2	10032	100	2	1	10033	100	1	1				-1	5400	100	5401	100	5402	100	5403	100	5404	100	5405	100						12
巴e塔	9		4084	0	1	1	14400	0	32112	16	18	33	25	0	32113	13	20	13	20	1	0	3009	100	0	17089	17088	17089	17088	17087	12000	12002	12002	12000	12000	12002	17090	17091	1	9	9	50	50	60	60	20	30	20	30	40148	82	84	1	4	5	215	0	12000	10	1	1	11035	100	8	2	11022	1	1	1	10018	100	16	1	11017	100	4	2	10021	100	6	1	10017	100	18	1	11016	100	16	2	10032	100	2	1	10033	100	1	1				-1	5400	100	5401	100	5402	100	5403	100	5404	100	5405	100						12
巴e塔	9		4085	0	1	1	10800	0	32112	16	18	33	25	0	32115	70	100	70	100	1	0	3009	100	0	17089	17088	17089	17088	17087	12000	12002	12002	12000	12000	12002	17090	17091	1	9	9	50	50	60	60	20	30	20	30	40148	82	84	1	4	5	215	0	12000	10	1	1	11035	100	8	2	11022	1	1	1	10018	100	16	1	11017	100	4	2	10021	100	6	1	10017	100	18	1	11016	100	16	2	10032	100	2	1	10033	100	1	1				-1	5400	100	5401	100	5402	100	5403	100	5404	100	5405	100						12
巴e塔			4086	0	1	1	21600	0	32105	7	3	7	3	0	32106	16	39	16	39	1	0	3009	100	0	17089	17088	17089	17088	17087	12000	12002	12002	12000	12000	12002	17090	17091	1	39	39	50	50	60	60	20	30	20	30	14001	10	10	1	4	40	215	0	16640	10	1	1	11035	100	8	2	11022	1	1	1	10018	100	16	1	11017	100	4	2	10021	100	6	1	10017	100	18	1	11016	100	16	2	10032	100	2	1	10033	100	1	1				-1	5400	100	5401	100	5402	100	5403	100	5404	100	5405	100						12
地精`I域	地下		4087	0	1	1	14400	0	32121	10	4	10	4	0	32122	27	41	27	41	1	1	9482	100	0	13612	13612	13612	13612	13612	103013	103013	17964	17965	17964	17965	0	0	1	15	15	50	80	50	80	10	12	10	12	5051	40	45	2	3	0	214	1	17965	50	2	1	17964	60	2	1	15075	50	2	1	15185	30	2	1	12201	50	2	1	15207	50	2	1	15207	50	2	1																-1																	215	4
水精`I域	地下		4088	0	1	1	14400	0	32121	8	9	8	9	0	32123	9	25	9	25	1	1	9491	100	0	13648	13648	13648	13648	13648	103010	103010	17966	17967	17966	17967	0	0	1	15	15	50	80	50	80	10	12	10	12	13007	40	45	2	3	0	214	1	17967	50	2	1	17966	60	2	1	12197	50	2	1	12198	30	2	1	15263	50	2	1	15263	50	2	1	15241	60	2	1																-1																	215	6
火精`I域	地下		4089	0	1	1	14400	0	32121	5	8	5	8	0	32124	24	43	24	43	1	1	2210	100	0	15345	15345	15345	15345	15345	103011	103011	17996	17997	17996	17997	0	0	1	15	15	50	80	50	80	10	12	10	12	13008	40	45	2	3	0	214	1	17997	50	2	1	17996	60	2	1	15769	50	2	1	12197	30	2	1	15177	50	2	1	15183	50	2	1	15185	60	2	1																-1																	215	8
L精`I域	地下		4090	0	1	1	14400	0	32121	4	4	4	4	0	32125	11	24	11	24	1	1	9618	100	0	17700	17700	17700	17700	17700	103012	103012	17984	17985	17984	17985	0	0	1	15	15	50	80	50	80	10	12	10	12	15007	40	45	2	3	0	214	1	17985	50	2	1	17984	60	2	1	15183	50	2	1	15185	30	2	1	15177	50	2	1	12319	50	2	1	15656	60	2	1																-1																	215	1
r之塔			4091	0	1	1	14400	0	32139	35	11	35	11	0	32140	14	5	14	5	1	0	3256	100	0	15827	15827	15827	15827	15827	103012	103012	103012	103012	12000	12002	0	0	1	9	9	40	80	40	80	10	20	10	20	40289	60	60	1	3	5	215	0																																																														12
r之塔	1		4092	0	1	1	14400	0	32140	20	26	20	26	0	32141	35	11	35	11	1	0	3256	100	0	15827	15827	15827	15827	15827	103012	103012	103012	103012	12000	12002	0	0	1	9	9	40	80	40	80	10	20	10	20	40292	70	70	1	3	5	215	0																																																														12
r之塔	2		4093	0	1	1	14400	0	32141	38	29	38	29	0	32142	14	4	14	4	1	0	3256	100	0	15827	15827	15827	15827	15827	103012	103012	103012	103012	12000	12002	0	0	1	9	9	40	80	40	80	10	20	10	20	40293	80	80	1	3	5	215	0																																																														12
青之路		00M	4095	0	1	1	14400	0	32149	18	11	18	11	0	32148	24	56	24	56	1	0	9344	100	0	0	0	0	0	0	103012	103012	103012	103012	17962	17963	0	0	1	20	20	25	45	25	45	10	20	10	20	40310	50	55	1	1	10	215	0	10094	100	4	1	10090	100	4	1	10091	100	4	1	12458	100	62	1	12459	100	50	1	12463	100	3	1	12460	100	2	1	11627	100	1	1	12471	100	5	1	15064	50	1	1				-1																	220	5
t之路		00M	4094	0	1	1	14400	0	32149	44	29	44	29	0	32148	60	25	60	25	1	0	2210	100	0	0	0	0	0	0	103012	103012	103012	103012	17982	17983	0	0	1	20	20	60	80	60	80	10	20	10	20	40307	50	55	1	1	10	215	0	233075	50	4	1	233079	70	4	1	233078	70	5	1	12357	70	1	1	12484	70	1	1	12479	70	3	1	12484	70	1	1	12479	70	3	1	12484	70	1	1	12479	70	3	1				-1																	220	0
o名之森		00M	4096	0	1	1	14400	0	32276	169	132	169	132							1	1	9555	100	0	0	0	0	0	0	103012	103012	103012	103012	17974	17975	0	0	1	5	7	40	80	40	80	10	20	10	20	40312	50	55	1	3	10	214	0					15012	10	5	1	15013	10	5	1	15014	10	5	1	15015	10	5	1	15016	10	5	1	15017	10	5	1	15018	10	5	1	15019	10	5	1	15020	10	5	1				-1																	214	6
w羽之塔			4097	0	1	1	14400	0	32151	17	10	17	10	0	32153	18	17	18	17	1	0	1003	100	0	17089	17089	17089	17089	17087	13996	13997	13997	13996	13996	13997	0	0	1	9	9	30	100	30	100	10	20	10	20	14008	10	10	1	1	4	214	0																																												-1																		7
S之塔			4098	0	1	1	14400	0	32184	8	5	8	5	0	32185	8	5	8	5	1	0	3256	100	0	15827	15827	15827	15827	15827	103012	103012	103012	103012	12000	12002	0	0	1	9	9	40	80	40	80	10	20	10	20	40342	40	42	1	3	5	215	0																																																														12
菇之屋	地下		4099	0	1	1	14400	0	32187	8	7	8	7	0	32186	8	7	8	7	1	1	3256	100	0	15827	15827	15827	15827	15827	103012	103012	103012	103012	12000	12002	0	0	1	9	9	40	80	40	80	10	20	10	20	40343	40	42	1	3	5	215	0																																																														12
通往湖心的洞窟	地下		4100	0	1	1	14400	0	31994	17	17	17	17	0	31995	11	64	11	64	1	1	9482	100	0	0	0	0	0	0	1	103012	1	103012	17964	17965	0	0	1	7	8	60	60	60	60	15	20	15	20	13004	18	20	1	3	0	214	1	15068	20	8	1	15070	20	8	1	15072	40	8	1	15074	40	8	1	15076	60	8	1	15079	60	8	1	15080	80	8	1	15081	80	8	1	12497	100	5	1	12499	100	5	1				-1	80031	100	80032	100	80033	100	80034	100	80035	100	80036	100	80037	100	80038	100	214	12
通路	地下		4101	0	1	1	14400	0	31802	14	12	14	12	0	31800	26	23	26	23	1	1	9482	100	0	0	0	0	0	0	103012	103012	103012	103012	17964	17965	0	0	1	7	8	60	60	60	60	15	20	15	20	40129	28	30	1	3	0	214	1	15068	20	8	1	15070	20	8	1	15072	40	8	1	15074	40	8	1	15076	60	8	1	15079	60	8	1	15080	80	8	1	15081	80	8	1	12497	100	5	1	12499	100	5	1				-1	80031	100	80032	100	80033	100	80034	100	80035	100	80036	100	80037	100	80038	100	214	12
精`之谷	烁	00M	4102	0	1	1	14400	0	31805	16	12	16	12	0	31804	24	22	24	22	1	0	9344	100	0	0	0	0	0	0	103012	103012	103012	103012	17962	17963	0	0	1	10	12	25	45	25	45	10	20	10	20	40384	35	35	1	0	0	215	0	10094	100	4	1	10090	100	4	1	10091	100	4	1	12458	100	62	1	12459	100	50	1	12463	100	3	1	12460	100	2	1	11627	100	1	1	12471	100	5	1	15064	50	1	1				-1																	220	5
旭日山	～	00M	4103	0	1	1	14400	0	31808	12	12	12	12	0	31810	63	63	63	63	1	0	7639	100	0	0	0	0	0	0	103012	103012	1	103012	17962	17963	0	0	1	15	15	40	60	40	60	10	20	10	20	40356	75	75	1	3	8	214	0																																												-1																		3
朝日山	～	00M	4104	0	1	1	14400	0	31809	22	14	22	14	0	31811	37	66	37	66	1	0	7639	100	0	0	0	0	0	0	103012	103012	103012	103012	17962	17963	0	0	1	15	15	40	60	40	60	10	20	10	20	40359	75	75	1	3	3	214	0																																												-1																		3
f|相思Y晶路	藏		32304	0	1	1	7200	0	32030	12	6	12	6	0	32031	20	16	20	16	1	1	9564	100	0	0	0	0	0	0	103012	103012	103012	103012	17994	17995	0	0	1	8	10	40	60	40	60	12	18	12	18	40085	21	25	2	2	0	219	1	11551	10	5	1	11551	10	5	1	15315	50	15	2	15316	50	25	2	15317	50	20	1	15318	50	8	1	15319	50	10	1	15320	50	18	2	15321	50	17	2	15322	50	7	2				-1																	219	12
冰封的酒窖迷m	地下		32305	0	1	1	14400	0	32045	24	13	24	13	0	32046	64	252	64	252	1	1	9491	100	0	13648	13648	13648	13648	13648	17967	17966	17966	17967	17966	17967	0	0	1	8	10	65	80	45	55	12	18	12	18	40087	45	49	2	3	10	214	1	15082	50	2	1	15094	60	2	1	12197	50	2	1	12198	30	2	1	15263	50	2	1	15263	50	2	1	15241	60	2	1																-1																	215	6
沉封之窟	地下		32306	0	1	1	7200	0	32059	15	11	15	11	0	32060	10	34	10	34	1	1	2210	100	0	0	0	0	0	0	103012	103012	17996	103012	17996	17997	0	0	1	8	10	55	75	55	75	12	18	12	18	40112	30	40	2	3	5	213	1	12197	50	15	1	12198	50	20	1	12199	50	15	2	12200	50	25	2	15763	50	20	1	15764	50	8	1	15177	50	10	1	15766	50	18	2	15185	50	17	2	12209	50	7	2				-1																	213	12
^望古井	地下		32307	0	1	1	7200	0	32066	98	76	98	76	0	32067	61	6	61	6	1	1	7623	100	0	0	0	0	0	0	103012	103012	103012	103012	17954	17955	0	0	1	6	9	55	75	55	75	12	18	12	18	40117	21	24	2	3	5	213	1	12197	50	15	1	12198	50	20	1	12199	50	15	2	12200	50	25	2	12203	50	20	1	12222	50	8	1	12223	50	10	1	12218	50	18	2	12220	50	17	2	12209	50	7	2				-1	1101972	100	1101973	100	1101974	100	1101975	100	1101976	100	1101977	100					213	12
冰封之谷	烁	00M	32308	0	1	1	14400	0	32341	11	9	11	9	0	32343	17	32	17	32	1	0	8175	100	0	0	0	0	0	0	17956	17957	17957	17956	17956	17957	0	0	1	20	24	50	50	80	40	10	20	10	20	103058	31	35	1	2	5	215	0	15239	10	1	1	15253	10	1	1	12424	100	5	1	12425	100	1	1	12426	100	1	1	12427	100	1	1	15563	100	1	1	15566	100	1	1	15570	100	1	1	15575	100	1	1				-1																	202	12
勒森林　外城		A	32310	0	1	1	14400	0	59714	69	111	69	111	0	59717	91	172	91	172	1	1	3256	100	0	15827	15827	15827	15827	15827	103012	103012	103012	103012	12000	12002	0	0	1	3	3	80	100	80	100	20	40	20	40	40118	60	75	2	3	2	214	0																																												-1	806348	100	806349	100														0
勒森林　火之I域		^	32311	0	1	1	7200	0	59717	140	71	140	71	0	59717	213	51	213	51	1	1	9618	100	0	0	0	0	0	0	103012	103012	103012	103012	17982	17983	0	0	1	4	5	50	80	50	80	20	40	20	40	40126	90	100	2	3	4	215	1																																												-1	805001	100	805002	100														8
勒森林　水之I域		^	32312	0	1	1	7200	0	59717	147	86	147	86	0	59717	242	74	242	74	1	1	9491	100	0	0	0	0	0	0	103012	103012	103012	103012	17966	17967	0	0	1	4	5	60	90	50	90	20	30	20	30	40127	90	100	2	3	5	215	0																																												-1	805003	100	805004	100														2
勒森林　土之I域		^	32313	0	1	1	7200	0	59717	183	21	183	21	0	59717	255	93	255	93	1	1	9523	100	0	0	0	0	0	0	103012	103012	103012	103012	17970	17971	0	0	1	4	5	80	100	80	100	30	50	30	50	40124	90	100	2	3	7	215	1																																												-1	805005	100	805006	100														4
勒森林　本城	地下	A	32314	0	1	1	14400	0	59717	199	108	199	108	0	59717	249	292	249	292	1	1	9344	100	0	0	0	0	0	0	103012	103012	103012	103012	17962	17963	0	0	1	3	8	70	90	60	90	20	30	20	30	40119	85	90	2	0	5	215	1																																												-1	804998	100	804999	100													2	5
勒森林　本城	地下	A	32315	0	1	1	7200	0	59717	262	320	262	320	0	59717	324	179	324	179	1	1	9344	100	0	0	0	0	0	0	103012	103012	103012	103012	17962	17963	0	0	1	5	6	50	60	50	60	15	30	15	30	40121	90	100	2	0	10	215	1																																												-1	805000	100															2	5
#空g？	地下		32316	0	1	1	7200	0	31921	65	58	105	80	0						1	1	9523	100	0	0	0	0	0	0	103010	103010	103010	103010	17966	17967	0	0	1	10	10	50	70	60	60	10	20	10	20	40264	102	120	1	2	0	215	0																																												-1	1102515	100																4
#空g？	地下		32317	0	1	1	7200	0	31930	144	102	144	102	0						1	1	9523	100	0	0	0	0	0	0	103010	103010	103010	103010	17966	17967	0	0	1	10	10	50	70	60	60	10	20	10	20	40265	102	120	1	2	0	215	0																																												-1	1102516	100																4
#空g？	地下		32318	0	1	1	7200	0	31935	131	128	131	128	0						1	1	9523	100	0	0	0	0	0	0	103010	103010	103010	103010	17966	17967	0	0	1	10	10	50	70	60	60	10	20	10	20	40266	102	120	1	2	0	215	0																																												-1	1102517	100																4
#空g？	地下		32319	0	1	1	7200	0	31941	68	45	43	45	0						1	1	9523	100	0	0	0	0	0	0	103010	103010	103010	103010	17966	17967	0	0	1	10	10	50	70	60	60	10	20	10	20	40267	102	120	1	2	0	215	0																																												-1	1102518	100																4
#
朽木之祠	地下	A	40004	0	1	1	2700	0	20300	386	483	391	487	0	50003	27	41	27	41	1	1	9482	100	0	13612	13612	13612	13612	13612	103013	103013	17964	17965	17964	17965	0	0	1	15	15	50	80	50	80	10	12	10	12	706073	105	135	1	2	50	214	1	17965	20	2	1	17964	30	2	1	15075	50	2	1	15185	30	2	1	12201	50	2	1	15207	50	2	1	15207	50	2	1																-1	819202	100	819203	100													215	4
隽阎祠	地下	A	40005	0	1	1	2700	0	20300	49	345	57	356	0	50004	9	25	9	25	1	1	9491	100	0	13648	13648	13648	13648	13648	103010	103010	17966	17967	17966	17967	0	0	1	15	15	50	80	50	80	10	12	10	12	706076	105	135	1	2	50	214	1	17967	20	2	1	17966	30	2	1	12197	50	2	1	12198	30	2	1	15263	50	2	1	15263	50	2	1	15241	60	2	1																-1	819205	100	819206	100													215	6
火y之祠	地下	A	40006	0	1	1	2700	0	20300	490	160	496	163	0	50005	24	43	24	43	1	1	2210	100	0	15345	15345	15345	15345	15345	103011	103011	17996	17997	17996	17997	0	0	1	15	15	50	80	50	80	10	12	10	12	706079	105	135	1	2	50	214	1	17997	20	2	1	17996	30	2	1	15769	50	2	1	12197	30	2	1	15177	50	2	1	15183	50	2	1	15185	60	2	1																-1	819208	100	819209	100													215	8
m土之祠	地下	A	40007	0	1	1	2700	0	20300	136	59	142	60	0	50006	11	24	11	24	1	1	9618	100	0	17700	17700	17700	17700	17700	103012	103012	17984	17985	17984	17985	0	0	1	15	15	50	80	50	80	10	12	10	12	706082	105	135	1	2	50	214	1	17985	20	2	1	17984	30	2	1	15183	50	2	1	15185	30	2	1	15177	50	2	1	12319	50	2	1	15656	60	2	1																-1	819211	100	819212	100													215	1