[民		1	1								2	2	2	2	2	2	2	0	2	2	2	2	2	2	2	2	2	2	2	2	2	2	2					
κ		11	1	0	0						4	3	3	0	3	3	3	0	4	3	4	3	0	4	3	4	4	4	4	4	4	4	4					
κ		12	1	5000	10000						6	3	3	0	3	3	3	0	6	3	6	3	0	6	3	6	6	6	6	6	6	6	6					
王mκ		13	1	10000	50000						8	3	3	0	3	3	3	0	8	3	8	3	0	8	3	8	8	8	8	8	8	8	8					
πg		14	1	20000	100000						10	3	3	0	3	3	3	0	10	3	10	3	0	10	3	10	10	10	10	10	10	10	10					
πg大		15	1	40000	160000						11	4	4	0	4	4	4	0	11	4	11	4	0	11	4	10	10	10	10	10	10	10	10					
武士		16	1	1000000	10000000						11	3	3	0	3	3	3	0	11	3	11	3	0	11	3	10	10	10	10	10	10	10	10					
β}		17	1	1000000	10000000						11	3	3	0	3	3	3	0	11	3	11	3	0	11	3	10	10	10	10	10	10	10	10					
鸶Y士		21	1	0	0						3	4	3	0	3	3	3	0	4	3	4	3	0	4	3	4	4	4	4	4	4	4	4					
鸶Y士		22	1	5000	10000						3	6	3	0	3	3	3	0	6	3	6	3	0	6	3	6	6	6	6	6	6	6	6					
王m鸶Y士		23	1	10000	50000						3	8	3	0	3	3	3	0	8	3	8	3	0	8	3	8	8	8	8	8	8	8	8					
鸶		24	1	20000	100000						3	10	3	0	3	3	3	0	10	3	10	3	0	10	3	10	10	10	10	10	10	10	10					
鸶大		25	1	40000	160000						4	11	4	0	4	4	4	0	11	4	11	4	0	11	4	10	10	10	10	10	10	10	10					
狂鹗		26	1	1000000	10000000						3	11	3	0	3	3	3	0	11	3	11	3	0	11	3	10	10	10	10	10	10	10	10					
破耐		27	1	1000000	10000000						3	11	3	0	3	3	3	0	11	3	11	3	0	11	3	10	10	10	10	10	10	10	10					
T士		31	1	0	0						3	3	4	0	3	3	3	0	4	3	4	3	0	4	3	4	4	4	4	4	4	4	4					
T士		32	1	5000	10000						3	3	6	0	3	3	3	0	6	3	6	3	0	6	3	6	6	6	6	6	6	6	6					
王mT士		33	1	10000	50000						3	3	8	0	3	3	3	0	8	3	8	3	0	8	3	8	8	8	8	8	8	8	8					
近lT士		34	1	20000	100000						3	3	10	0	3	3	3	0	10	3	10	3	0	10	3	10	10	10	10	10	10	10	10					
F血T士		35	1	40000	160000						4	4	11	0	4	4	4	0	11	4	11	4	0	11	4	10	10	10	10	10	10	10	10					
黑T士		36	1	20000	10000000						5	5	11	0	5	5	5	0	11	5	11	5	0	11	5	10	10	10	10	10	10	10	10					
}T士		37	1	20000	10000000						5	5	11	0	5	5	5	0	11	5	11	5	0	11	5	10	10	10	10	10	10	10	10					
弓箭手		41	1	0	0						3	3	3	0	4	3	3	0	3	4	3	4	0	3	4	4	4	4	4	4	4	4	4					
弓箭手		42	1	5000	10000						3	3	3	0	6	4	4	0	3	6	3	6	0	3	6	6	6	6	6	6	6	6	6					
王m弓箭手		43	1	10000	50000						4	4	4	0	8	5	5	0	4	8	4	8	0	4	8	8	8	8	8	8	8	8	8					
弓g		44	1	20000	100000						4	4	4	0	10	6	6	0	4	10	4	10	0	4	10	10	10	10	10	10	10	10	10					
[b		45	1	40000	160000						4	4	4	0	11	7	7	0	4	11	4	11	0	4	11	10	10	10	10	10	10	10	10					
神射手		46	1	20000	10000000						5	5	5	0	11	7	7	0	5	11	5	11	0	5	11	10	10	10	10	10	10	10	10					
森林守o者		47	1	20000	10000000						5	5	5	0	11	7	7	0	5	11	5	11	0	5	11	10	10	10	10	10	10	10	10					
士兵		51	1	0	0						3	3	3	0	3	3	3	0	3	3	3	3	0	3	3	4	4	4	4	4	4	4	4					
士兵		52	1	5000	10000						4	4	4	0	4	4	4	0	4	4	4	4	0	4	4	6	6	6	6	6	6	6	6					
王m士兵		53	1	10000	50000						5	5	5	0	5	5	5	0	5	5	5	5	0	5	5	8	8	8	8	8	8	8	8					
士兵L		54	1	20000	100000						6	6	6	0	6	6	6	0	6	6	6	6	0	6	6	10	10	10	10	10	10	10	10					
重鹗		55	1	40000	160000						7	7	7	0	7	7	7	0	7	7	7	7	0	7	7	10	10	10	10	10	10	10	10					
b甲兵		56	1	20000	10000000						7	7	7	0	7	7	7	0	7	7	7	7	0	7	7	10	10	10	10	10	10	10	10					
蹂k兵		57	1	20000	10000000						7	7	7	0	7	7	7	0	7	7	7	7	0	7	7	10	10	10	10	10	10	10	10					
鹘淌		61	1	0	0						0	0	0	4	0	0	3	0	0	4	0	3	4	0	4	4	4	4	4	4	4	4	4					
鹘淌		62	1	5000	10000	61	62	63	68		0	0	0	6	0	0	3	0	0	6	0	3	6	0	6	6	6	6	6	6	6	6	6	4	4	4	4	
牧		63	1	10000	50000	61	62	63	68		0	0	0	8	0	0	4	0	0	8	0	4	8	0	8	8	8	8	8	8	8	8	8	6	6	6	6	
主教		64	1	20000	100000	61	62	63	68		0	0	0	10	0	0	4	0	0	10	0	4	10	0	10	10	10	10	10	10	10	10	10	8	8	8	8	
大主教		65	1	40000	160000	61	62	63	68		0	0	0	11	0	0	5	0	0	11	0	5	11	0	11	10	10	10	10	10	10	10	10	10	10	10	10	
李留斯的W人		66	1	20000	10000000	61	62	63	68		0	0	0	11	0	0	5	0	0	11	0	5	11	0	11	10	10	10	10	10	10	10	10	10	10	10	10	
阿芩沟氖雇		67	1	20000	10000000	61	62	63	68		0	0	0	11	0	0	5	0	0	11	0	5	11	0	11	10	10	10	10	10	10	10	10	10	10	10	10	
魔g		71	1	0	0						0	0	0	4	0	3	0	0	0	4	0	3	4	0	4	4	4	4	4	4	4	4	4					
魔g		72	1	5000	10000						0	0	0	6	0	3	0	0	0	6	0	3	6	0	6	6	6	6	6	6	6	6	6	4	4	4	4	
王m魔法		73	1	10000	50000						0	0	0	8	0	4	0	0	0	8	0	4	8	0	8	8	8	8	8	8	8	8	8	6	6	6	6	
魔士		74	1	20000	100000						0	0	0	10	0	4	0	0	0	10	0	4	10	0	10	10	10	10	10	10	10	10	10	8	8	8	8	
大魔		75	1	40000	160000						0	0	0	11	0	5	0	0	0	11	0	5	11	0	11	10	10	10	10	10	10	10	10	10	10	10	10	
狂魔		76	1	20000	10000000						0	0	0	11	0	5	0	0	0	11	0	5	11	0	11	10	10	10	10	10	10	10	10	10	10	10	10	
法王		77	1	20000	10000000						0	0	0	11	0	5	0	0	0	11	0	5	11	0	11	10	10	10	10	10	10	10	10	10	10	10	10	
咒g		81	1	0	0						0	0	0	4	0	3	0	0	0	4	0	3	4	0	4	4	4	4	4	4	4	4	4					
咒g		82	1	5000	10000						0	0	0	6	0	3	0	0	0	6	0	3	6	0	6	6	6	6	6	6	6	6	6					
王m咒g		83	1	10000	50000						0	0	0	8	0	4	0	0	0	8	0	4	8	0	8	8	8	8	8	8	8	8	8					
降^		84	1	20000	100000						0	0	0	10	0	4	0	0	0	10	0	4	10	0	10	10	10	10	10	10	10	10	10					
咒g大		85	1	40000	160000						0	0	0	11	0	5	0	0	0	11	0	5	11	0	11	10	10	10	10	10	10	10	10					
右月咒`者		86	1	20000	10000000						0	0	0	11	0	5	0	0	0	11	0	5	11	0	11	10	10	10	10	10	10	10	10					
左月咒`者		87	1	20000	10000000						0	0	0	11	0	5	0	0	0	11	0	5	11	0	11	10	10	10	10	10	10	10	10					
封印		91	1	0	0						3	3	3	3	3	3	3	3	0	4	0	4	0	0	4	4	4	4	4	4	4	4	4					
封印		92	1	5000	10000	69					3	3	3	4	3	3	3	0	0	6	0	6	0	0	6	6	6	6	6	6	6	6	6	4				
王m封印		93	1	10000	50000	69					3	3	3	5	4	4	4	0	0	8	0	8	0	0	8	8	8	8	8	8	8	8	8	6				
封印g		94	1	20000	100000	69					4	4	4	6	4	4	4	0	0	10	0	10	0	0	10	10	10	10	10	10	10	10	10	8				
封印大		95	1	40000	160000	69					5	5	5	7	5	5	5	0	0	11	0	11	0	0	11	10	10	10	10	10	10	10	10	10				
黑暗召		96	1	20000	10000000	69					5	5	5	7	5	5	5	0	0	11	0	11	0	0	11	10	10	10	10	10	10	10	10	10				
耗д		97	1	20000	10000000	69					5	5	5	7	5	5	5	0	0	11	0	11	0	0	11	10	10	10	10	10	10	10	10	10				
B		101	1	0	0						3	3	3	3	3	3	4	0	0	4	0	4	0	0	4	4	4	4	4	4	4	4	4					
B		102	1	5000	10000	70					3	3	3	3	3	3	6	0	0	6	0	6	0	0	6	6	6	6	6	6	6	6	6	4				
王mB		103	1	10000	50000	70					4	4	4	4	4	4	8	0	0	8	0	8	0	0	8	8	8	8	8	8	8	8	8	6				
高B		104	1	20000	100000	70					4	4	4	4	4	4	10	0	0	10	0	10	0	0	10	10	10	10	10	10	10	10	10	8				
B大		105	1	40000	160000	70					5	5	5	5	5	5	11	0	0	11	0	11	0	0	11	10	10	10	10	10	10	10	10	10				
尖B		106	1	20000	10000000	70					5	5	5	5	5	5	11	0	0	11	0	11	0	0	11	10	10	10	10	10	10	10	10	10				
星之B		107	1	20000	10000000	70					5	5	5	5	5	5	11	0	0	11	0	11	0	0	11	10	10	10	10	10	10	10	10	10				
ZF		111	1	0	0						3	3	3	3	3	4	3	0	0	4	0	4	0	0	4	4	4	4	4	4	4	4	4					
ZF		112	1	5000	10000	71					3	3	3	3	3	6	3	0	0	6	0	6	0	0	6	6	6	6	6	6	6	6	6	4				
王mZF		113	1	10000	50000	71					4	4	4	4	4	8	4	0	0	8	0	8	0	0	8	8	8	8	8	8	8	8	8	6				
ZF		114	1	20000	100000	71					4	4	4	4	4	10	4	0	0	10	0	10	0	0	10	10	10	10	10	10	10	10	10	8				
ZF大		115	1	40000	160000	71					5	5	5	5	5	11	5	0	0	11	0	11	0	0	11	10	10	10	10	10	10	10	10	10				
ゴ篑ZF		116	1	20000	10000000	71					5	5	5	5	5	11	5	0	0	11	0	11	0	0	11	10	10	10	10	10	10	10	10	10				
黑暗ZF		117	1	20000	10000000	71					5	5	5	5	5	11	5	0	0	11	0	11	0	0	11	10	10	10	10	10	10	10	10	10				
I\		121	1	0	0						3	3	3	3	3	4	3	0	0	4	0	4	0	0	4	4	4	4	4	4	4	4	4					
I\		122	1	5000	10000	72					3	3	3	3	3	6	4	0	0	6	0	6	0	0	6	6	6	6	6	6	6	6	6	4				
小偷		123	1	10000	50000	72					4	4	4	4	4	8	5	0	0	8	0	8	0	0	8	8	8	8	8	8	8	8	8	6				
p欺		124	1	20000	100000	72					4	4	4	4	4	10	6	0	0	10	0	10	0	0	10	10	10	10	10	10	10	10	10	8				
神偷		125	1	40000	160000	72					5	5	5	5	5	11	7	0	0	11	0	11	0	0	11	10	10	10	10	10	10	10	10	10				
怪I		126	1	20000	10000000	72					5	5	5	5	5	11	7	0	0	11	0	11	0	0	11	10	10	10	10	10	10	10	10	10				
I\王		127	1	20000	10000000	72					5	5	5	5	5	11	7	0	0	11	0	11	0	0	11	10	10	10	10	10	10	10	10	10				
巫		131	1	0	0						0	0	0	4	0	0	3	0	0	4	0	3	4	0	4	4	4	4	4	4	4	4	4					
巫		132	1	5000	10000	64	67	65	66		0	0	0	6	0	0	3	0	0	6	0	3	6	0	6	6	6	6	6	6	6	6	6	4	4	4	4	
王m巫		133	1	10000	50000	64	67	65	66		0	0	0	8	0	0	4	0	0	8	0	4	8	0	8	8	8	8	8	8	8	8	8	6	6	6	6	
巫g大		134	1	20000	100000	64	67	65	66		0	0	0	10	0	0	4	0	0	10	0	4	10	0	10	10	10	10	10	10	10	10	10	8	8	8	8	
巫王		135	1	40000	160000	64	67	65	66		0	0	0	11	0	0	5	0	0	11	0	5	11	0	11	10	10	10	10	10	10	10	10	10	10	10	10	
阿斯提神官		136	1	20000	10000000	64	67	65	66		0	0	0	11	0	0	5	0	0	11	0	5	11	0	11	10	10	10	10	10	10	10	10	10	10	10	10	
哈先知		137	1	20000	10000000	64	67	65	66		0	0	0	11	0	0	5	0	0	11	0	5	11	0	11	10	10	10	10	10	10	10	10	10	10	10	10	
格Y士		141	1	0	0						0	0	0	0	0	0	0	4	0	4	0	4	0	0	4	4	4	4	4	4	4	4	4					
格Y士		142	1	5000	10000	94					0	0	0	0	0	0	0	6	0	6	0	6	0	0	6	6	6	6	6	6	6	6	6	4				
格Y＜		143	1	10000	50000	94					0	0	0	0	0	0	0	8	0	8	0	8	0	0	8	8	8	8	8	8	8	8	8	6				
格Y家		144	1	20000	100000	94					0	0	0	0	0	0	0	10	0	10	0	10	0	0	10	10	10	10	10	10	10	10	10	8				
格Y王		145	1	40000	160000	94					0	0	0	0	0	0	0	11	0	11	0	11	0	0	11	10	10	10	10	10	10	10	10	10				
F拳王		146	1	20000	10000000	94					0	0	0	0	0	0	0	12	0	11	0	11	0	0	11	10	10	10	10	10	10	10	10	10				
拳}		147	1	20000	10000000	94					0	0	0	0	0	0	0	13	0	11	0	11	0	0	11	10	10	10	10	10	10	10	10	10				
初忍者		151	1	0	0						2	2	2	0	2	4	4	0	0	0	0	0	0	0	0	4	4	4	4	4	4	4	4					
中忍者		152	1	5000	10000	96					4	4	4	0	4	6	6	0	0	0	0	0	0	0	0	6	6	6	6	6	6	6	6	4				
上忍者		153	1	10000	50000	96					6	6	6	0	6	8	8	0	0	0	0	0	0	0	0	8	8	8	8	8	8	8	8	6				
影		154	1	20000	100000	96					8	8	8	0	8	10	10	0	0	0	0	0	0	0	0	10	10	10	10	10	10	10	10	8				
		155	1	40000	160000	96					10	10	10	0	10	11	11	0	1	1	0	1	0	1	1	10	10	10	10	10	10	10	10	10				
		156	1	20000	10000000	96					10	10	10	0	10	11	11	0	1	1	0	1	0	1	1	10	10	10	10	10	10	10	10	10				
[		157	1	20000	10000000	96					10	10	10	0	10	11	11	0	1	1	0	1	0	1	1	10	10	10	10	10	10	10	10	10				
舞者		161	1	0	0						3	3	3	3	3	3	4	0	0	4	0	4	0	0	4	4	4	4	4	4	4	4	4					
串鏊人		162	1	5000	10000	98					3	3	3	3	3	4	6	0	0	6	0	6	0	0	6	6	6	6	6	6	6	6	6	4				
舞者		163	1	10000	50000	98					4	4	4	4	4	5	8	0	0	8	0	8	0	0	8	8	8	8	8	8	8	8	8	6				
超巨星		164	1	20000	100000	98					4	4	4	4	4	6	10	0	0	10	0	10	0	0	10	10	10	10	10	10	10	10	10	8				
H巨星		165	1	40000	160000	98					5	5	5	5	5	7	11	0	0	11	0	11	0	0	11	10	10	10	10	10	10	10	10	10				
星之舞者		166	1	20000	10000000	98					5	5	5	5	5	7	11	0	0	11	0	11	0	0	11	10	10	10	10	10	10	10	10	10				
月之舞者		167	1	20000	10000000	98					5	5	5	5	5	7	11	0	0	11	0	11	0	0	11	10	10	10	10	10	10	10	10	10				
TW徒		201	2	0	0						4	2	2	2	2	2	2	0	2	2	2	2	2	2	2	4	4	4	4	4	4	4	4					
T工		202	2	5000	4000	200					6	2	2	2	2	2	2	0	2	2	2	2	2	2	2	6	6	6	6	6	6	6	6	4				
Y深T傅		203	2	10000	14000	200					8	3	3	3	3	3	3	0	3	3	3	3	3	3	3	8	8	8	8	8	8	8	8	6				
御用T		204	2	20000	29000	200					10	3	3	3	3	3	3	0	3	3	3	3	3	3	3	10	10	10	10	10	10	10	10	8				
Tγ		205	2	40000	47000	200					11	4	4	4	4	4	4	0	4	4	4	4	4	4	4	10	10	10	10	10	10	10	10	10				
T巨匠		206	2	20000	10000000	200					11	5	5	5	5	5	5	0	5	5	5	5	5	5	5	10	10	10	10	10	10	10	10	10				
Tι窠		207	2	20000	10000000	200					11	5	5	5	5	5	5	0	5	5	5	5	5	5	5	10	10	10	10	10	10	10	10	10				
造斧W徒		211	2	0	0						2	4	2	2	2	2	2	0	2	2	2	2	2	2	2	4	4	4	4	4	4	4	4					
造斧工		212	2	5000	4000	201					2	6	2	2	2	2	2	0	2	2	2	2	2	2	2	6	6	6	6	6	6	6	6	4				
Y深造斧傅		213	2	10000	14000	201					3	8	3	3	3	3	3	0	3	3	3	3	3	3	3	8	8	8	8	8	8	8	8	6				
御用造斧		214	2	20000	29000	201					3	10	3	3	3	3	3	0	3	3	3	3	3	3	3	10	10	10	10	10	10	10	10	8				
造斧名		215	2	40000	47000	201					4	11	4	4	4	4	4	0	4	4	4	4	4	4	4	10	10	10	10	10	10	10	10	10				
造斧巨匠		216	2	20000	10000000	201					5	11	5	5	5	5	5	0	5	5	5	5	5	5	5	10	10	10	10	10	10	10	10	10				
造斧神匠		217	2	20000	10000000	201					5	11	5	5	5	5	5	0	5	5	5	5	5	5	5	10	10	10	10	10	10	10	10	10				
造W徒		221	2	0	0						2	2	4	2	2	2	2	0	2	2	2	2	2	2	2	4	4	4	4	4	4	4	4					
造工		222	2	5000	4000	202					2	2	6	2	2	2	2	0	2	2	2	2	2	2	2	6	6	6	6	6	6	6	6	4				
Y深造傅		223	2	10000	14000	202					3	3	8	3	3	3	3	0	3	3	3	3	3	3	3	8	8	8	8	8	8	8	8	6				
御用造		224	2	20000	29000	202					3	3	10	3	3	3	3	0	3	3	3	3	3	3	3	10	10	10	10	10	10	10	10	8				
造名		225	2	40000	47000	202					4	4	11	4	4	4	4	0	4	4	4	4	4	4	4	10	10	10	10	10	10	10	10	10				
造巨匠		226	2	20000	10000000	202					5	5	11	5	5	5	5	0	5	5	5	5	5	5	5	10	10	10	10	10	10	10	10	10				
造神匠		227	2	20000	10000000	202					5	5	11	5	5	5	5	0	5	5	5	5	5	5	5	10	10	10	10	10	10	10	10	10				
造弓W徒		231	2	0	0						2	2	2	2	4	2	2	0	2	2	2	2	2	2	2	4	4	4	4	4	4	4	4					
造弓工		232	2	5000	4000	203					2	2	2	2	6	2	2	0	2	2	2	2	2	2	2	6	6	6	6	6	6	6	6	4				
Y深造弓傅		233	2	10000	14000	203					3	3	3	3	8	3	3	0	3	3	3	3	3	3	3	8	8	8	8	8	8	8	8	6				
御用造弓		234	2	20000	29000	203					3	3	3	3	10	3	3	0	3	3	3	3	3	3	3	10	10	10	10	10	10	10	10	8				
造弓名		235	2	40000	47000	203					4	4	4	4	11	4	4	0	4	4	4	4	4	4	4	10	10	10	10	10	10	10	10	10				
造弓巨匠		236	2	20000	10000000	203					5	5	5	5	11	5	5	0	5	5	5	5	5	5	5	10	10	10	10	10	10	10	10	10				
造弓神匠		237	2	20000	1000000	203					5	5	5	5	11	5	5	0	5	5	5	5	5	5	5	10	10	10	10	10	10	10	10	10				
造杖W徒		241	2	0	0						2	2	2	4	2	2	2	0	2	2	2	2	2	2	2	4	4	4	4	4	4	4	4					
造杖工		242	2	5000	4000	204					2	2	2	6	2	2	2	0	2	2	2	2	2	2	2	6	6	6	6	6	6	6	6	4				
Y深造杖傅		243	2	10000	14000	204					3	3	3	8	3	3	3	0	3	3	3	3	3	3	3	8	8	8	8	8	8	8	8	6				
御用造杖		244	2	20000	29000	204					3	3	3	10	3	3	3	0	3	3	3	3	3	3	3	10	10	10	10	10	10	10	10	8				
造杖名		245	2	40000	47000	204					4	4	4	11	4	4	4	0	4	4	4	4	4	4	4	10	10	10	10	10	10	10	10	10				
造杖巨匠		246	2	20000	1000000	204					5	5	5	11	5	5	5	0	5	5	5	5	5	5	5	10	10	10	10	10	10	10	10	10				
造杖神匠		247	2	20000	1000000	204					5	5	5	11	5	5	5	0	5	5	5	5	5	5	5	10	10	10	10	10	10	10	10	10				
投S武器W徒		251	2	0	0						2	2	2	2	2	2	4	0	2	2	2	2	2	2	2	4	4	4	4	4	4	4	4					
投S武器工		252	2	5000	4000	205					2	2	2	2	2	2	6	0	2	2	2	2	2	2	2	6	6	6	6	6	6	6	6	4				
Y深投S武器傅		253	2	10000	14000	205					3	3	3	3	3	3	8	0	3	3	3	3	3	3	3	8	8	8	8	8	8	8	8	6				
御用投S武器傅		254	2	20000	29000	205					3	3	3	3	3	3	10	0	3	3	3	3	3	3	3	10	10	10	10	10	10	10	10	8				
投S武器名		255	2	40000	47000	205					4	4	4	4	4	4	11	0	4	4	4	4	4	4	4	10	10	10	10	10	10	10	10	10				
投S武器巨匠		256	2	20000	1000000	205					5	5	5	5	5	5	11	5	5	5	5	5	5	5	5	10	10	10	10	10	10	10	10	10				
投S武器神匠		257	2	20000	1000000	205					5	5	5	5	5	5	11	5	5	5	5	5	5	5	5	10	10	10	10	10	10	10	10	10				
小刀W徒		261	2	0	0						2	2	2	2	2	4	2	0	2	2	2	2	2	2	2	4	4	4	4	4	4	4	4					
小刀工		262	2	5000	4000	206					2	2	2	2	2	6	2	2	2	2	2	2	2	2	2	6	6	6	6	6	6	6	6	4				
Y深小刀傅		263	2	10000	14000	206					3	3	3	3	3	8	3	3	3	3	3	3	3	3	3	8	8	8	8	8	8	8	8	6				
御用小刀傅		264	2	20000	29000	206					3	3	3	3	3	10	3	3	3	3	3	3	3	3	3	10	10	10	10	10	10	10	10	8				
小刀名		265	2	40000	47000	206					4	4	4	4	4	11	4	4	4	4	4	4	4	4	4	10	10	10	10	10	10	10	10	10				
小刀巨匠		266	2	20000	1000000	206					5	5	5	5	5	11	5	5	5	5	5	5	5	5	5	10	10	10	10	10	10	10	10	10				
小刀神匠		267	2	20000	1000000	206					5	5	5	5	5	11	5	5	5	5	5	5	5	5	5	10	10	10	10	10	10	10	10	10				
^盔W徒		271	2	0	0						2	2	2	2	2	2	2	2	4	2	2	2	2	2	2	4	4	4	4	4	4	4	4					
^盔工		272	2	5000	4000	207					2	2	2	2	2	2	2	2	6	2	2	2	2	2	2	6	6	6	6	6	6	6	6	4				
Y深^盔傅		273	2	10000	14000	207					3	3	3	3	3	3	3	3	8	3	3	3	3	3	3	8	8	8	8	8	8	8	8	6				
御用^盔傅		274	2	20000	29000	207					3	3	3	3	3	3	3	3	10	3	3	3	3	3	3	10	10	10	10	10	10	10	10	8				
^盔名		275	2	40000	47000	207					4	4	4	4	4	4	4	4	11	4	4	4	4	4	4	10	10	10	10	10	10	10	10	10				
^盔巨匠		276	2	20000	1000000	207					5	5	5	5	5	5	5	5	11	5	5	5	5	5	5	10	10	10	10	10	10	10	10	10				
^盔神匠		277	2	20000	1000000	207					5	5	5	5	5	5	5	5	11	5	5	5	5	5	5	10	10	10	10	10	10	10	10	10				
帽子W徒		281	2	0	0						2	2	2	2	2	2	2	2	2	4	2	2	2	2	2	4	4	4	4	4	4	4	4					
帽子工		282	2	5000	4000	208					2	2	2	2	2	2	2	2	2	6	2	2	2	2	2	6	6	6	6	6	6	6	6	4				
Y深帽子傅		283	2	10000	14000	208					3	3	3	3	3	3	3	3	3	8	3	3	3	3	3	8	8	8	8	8	8	8	8	6				
御用帽子傅		284	2	20000	29000	208					3	3	3	3	3	3	3	3	3	10	3	3	3	3	3	10	10	10	10	10	10	10	10	8				
帽子名		285	2	40000	47000	208					4	4	4	4	4	4	4	4	4	11	4	4	4	4	4	10	10	10	10	10	10	10	10	10				
帽子巨匠		286	2	20000	1000000	208					5	5	5	5	5	5	5	5	5	11	5	5	5	5	5	10	10	10	10	10	10	10	10	10				
帽子神匠		287	2	20000	1000000	208					5	5	5	5	5	5	5	5	5	11	5	5	5	5	5	10	10	10	10	10	10	10	10	10				
z甲W徒		291	2	0	0						2	2	2	2	2	2	2	2	2	2	4	2	2	2	2	4	4	4	4	4	4	4	4					
z甲工		292	2	5000	4000	209					2	2	2	2	2	2	2	2	2	2	6	2	2	2	2	6	6	6	6	6	6	6	6	4				
Y深z甲傅		293	2	10000	14000	209					3	3	3	3	3	3	3	3	3	3	8	3	3	3	3	8	8	8	8	8	8	8	8	6				
御用z甲傅		294	2	20000	29000	209					3	3	3	3	3	3	3	3	3	3	10	3	3	3	3	10	10	10	10	10	10	10	10	8				
z甲名		295	2	40000	47000	209					4	4	4	4	4	4	4	4	4	4	11	4	4	4	4	10	10	10	10	10	10	10	10	10				
z甲巨匠		296	2	40000	1000000	209					4	4	4	4	4	4	4	4	4	4	11	4	4	4	4	10	10	10	10	10	10	10	10	10				
z甲神匠		297	2	20000	1000000	209					5	5	5	5	5	5	5	5	5	5	11	5	5	5	5	10	10	10	10	10	10	10	10	10				
裁pW徒		301	2	0	0						2	2	2	2	2	2	2	2	2	2	2	4	2	2	2	4	4	4	4	4	4	4	4					
裁p工		302	2	5000	4000	210					2	2	2	2	2	2	2	2	2	2	2	6	2	2	2	6	6	6	6	6	6	6	6	4				
Y深裁p傅		303	2	10000	14000	210					3	3	3	3	3	3	3	3	3	3	3	8	3	3	3	8	8	8	8	8	8	8	8	6				
御用裁p		304	2	20000	29000	210					3	3	3	3	3	3	3	3	3	3	3	10	3	3	3	10	10	10	10	10	10	10	10	8				
裁p名		305	2	40000	47000	210					4	4	4	4	4	4	4	4	4	4	4	11	4	4	4	10	10	10	10	10	10	10	10	10				
裁p巨匠		306	2	20000	1000000	210					5	5	5	5	5	5	5	5	5	5	5	11	5	5	5	10	10	10	10	10	10	10	10	10				
裁p神匠		307	2	20000	1000000	210					5	5	5	5	5	5	5	5	5	5	5	11	5	5	5	10	10	10	10	10	10	10	10	10				
L袍W徒		311	2	0	0						2	2	2	2	2	2	2	2	2	2	2	2	4	2	2	4	4	4	4	4	4	4	4					
L袍工		312	2	5000	4000	211					2	2	2	2	2	2	2	2	2	2	2	2	6	2	2	6	6	6	6	6	6	6	6	4				
Y深L袍傅		313	2	10000	14000	211					3	3	3	3	3	3	3	3	3	3	3	3	8	3	3	8	8	8	8	8	8	8	8	6				
御用L袍傅		314	2	20000	29000	211					3	3	3	3	3	3	3	3	3	3	3	3	10	3	3	10	10	10	10	10	10	10	10	8				
L袍名		315	2	40000	47000	211					4	4	4	4	4	4	4	4	4	4	4	4	11	4	4	10	10	10	10	10	10	10	10	10				
L袍巨匠		316	2	20000	1000000	211					5	5	5	5	5	5	5	5	5	5	5	5	11	5	5	10	10	10	10	10	10	10	10	10				
L袍神匠		317	2	20000	1000000	211					5	5	5	5	5	5	5	5	5	5	5	5	11	5	5	10	10	10	10	10	10	10	10	10				
制靴W徒		321	2	0	0						2	2	2	2	2	2	2	2	2	2	2	2	2	4	2	4	4	4	4	4	4	4	4					
制靴工		322	2	5000	4000	212					2	2	2	2	2	2	2	2	2	2	2	2	2	6	2	6	6	6	6	6	6	6	6	4				
Y深制靴傅		323	2	10000	14000	212					3	3	3	3	3	3	3	3	3	3	3	3	3	8	3	8	8	8	8	8	8	8	8	6				
御用制靴		324	2	20000	29000	212					3	3	3	3	3	3	3	3	3	3	3	3	3	10	3	10	10	10	10	10	10	10	10	8				
制靴名		325	2	40000	47000	212					4	4	4	4	4	4	4	4	4	4	4	4	4	11	4	10	10	10	10	10	10	10	10	10				
制靴巨匠		326	2	20000	1000000	212					5	5	5	5	5	5	5	5	5	5	5	5	5	11	5	10	10	10	10	10	10	10	10	10				
制靴神匠		327	2	20000	1000000	212					5	5	5	5	5	5	5	5	5	5	5	5	5	11	5	10	10	10	10	10	10	10	10	10				
制鞋W徒		331	2	0	0						2	2	2	2	2	2	2	2	2	2	2	2	2	2	4	4	4	4	4	4	4	4	4					
制鞋工		332	2	5000	4000	213					2	2	2	2	2	2	2	2	2	2	2	2	2	2	6	6	6	6	6	6	6	6	6	4				
Y深制鞋傅		333	2	10000	14000	213					3	3	3	3	3	3	3	3	3	3	3	3	3	3	8	8	8	8	8	8	8	8	8	6				
御用制鞋		334	2	20000	29000	213					3	3	3	3	3	3	3	3	3	3	3	3	3	3	10	10	10	10	10	10	10	10	10	8				
制鞋名		335	2	40000	47000	213					4	4	4	4	4	4	4	4	4	4	4	4	4	4	11	10	10	10	10	10	10	10	10	10				
制鞋巨匠		336	2	20000	1000000	213					5	5	5	5	5	5	5	5	5	5	5	5	5	5	11	10	10	10	10	10	10	10	10	10				
制鞋神匠		337	2	20000	1000000	213					5	5	5	5	5	5	5	5	5	5	5	5	5	5	11	10	10	10	10	10	10	10	10	10				
造盾W徒		341	2	0	0						2	2	2	2	2	2	2	4	2	2	2	2	2	2	2	4	4	4	4	4	4	4	4					
造盾工		342	2	5000	4000	214					2	2	2	2	2	2	2	6	2	2	2	2	2	2	2	6	6	6	6	6	6	6	6	4				
Y深造盾傅		343	2	10000	14000	214					3	3	3	3	3	3	3	8	3	3	3	3	3	3	3	8	8	8	8	8	8	8	8	6				
御用造盾		344	2	20000	29000	214					3	3	3	3	3	3	3	10	3	3	3	3	3	3	3	10	10	10	10	10	10	10	10	8				
造盾名		345	2	40000	47000	214					4	4	4	4	4	4	4	11	4	4	4	4	4	4	4	10	10	10	10	10	10	10	10	10				
造盾巨匠		346	2	20000	1000000	214					5	5	5	5	5	5	5	11	5	5	5	5	5	5	5	10	10	10	10	10	10	10	10	10				
造盾神匠		347	2	20000	1000000	214					5	5	5	5	5	5	5	11	5	5	5	5	5	5	5	10	10	10	10	10	10	10	10	10				
料理W徒		351	2	0	0						2	2	2	2	2	2	2	2	2	2	2	2	2	2	2	4	4	4	4	4	4	4	4					
N		352	2	5000	4000	215					2	2	2	2	2	2	2	2	2	2	2	2	2	2	2	6	6	6	6	6	6	6	6	4				
Y深大N		353	2	10000	14000	215					3	3	3	3	3	3	3	3	3	3	3	3	3	3	3	8	8	8	8	8	8	8	8	6				
御用N		354	2	20000	29000	215					3	3	3	3	3	3	3	3	3	3	3	3	3	3	3	10	10	10	10	10	10	10	10	8				
料理F人		355	2	40000	47000	215					4	4	4	4	4	4	4	4	4	4	4	4	4	4	4	10	10	10	10	10	10	10	10	10				
料理王		356	2	20000	1000000	215					5	5	5	5	5	5	5	5	5	5	5	5	5	5	5	10	10	10	10	10	10	10	10	10				
食神		357	2	20000	1000000	215					5	5	5	5	5	5	5	5	5	5	5	5	5	5	5	10	10	10	10	10	10	10	10	10				
		361	2	0	0						2	2	2	2	2	2	2	2	2	2	2	2	2	2	2	4	4	4	4	4	4	4	4					
		362	2	5000	4000	216					2	2	2	2	2	2	2	2	2	2	2	2	2	2	2	6	6	6	6	6	6	6	6	4				
Y深┐		363	2	10000	14000	216					3	3	3	3	3	3	3	3	3	3	3	3	3	3	3	8	8	8	8	8	8	8	8	6				
御用		364	2	20000	29000	216					3	3	3	3	3	3	3	3	3	3	3	3	3	3	3	10	10	10	10	10	10	10	10	8				
金g士		365	2	40000	47000	216					4	4	4	4	4	4	4	4	4	4	4	4	4	4	4	10	10	10	10	10	10	10	10	10				
}		366	2	20000	1000000	216					5	5	5	5	5	5	5	5	5	5	5	5	5	5	5	10	10	10	10	10	10	10	10	10				
仙		367	2	20000	1000000	216					5	5	5	5	5	5	5	5	5	5	5	5	5	5	5	10	10	10	10	10	10	10	10	10				
武器修理W徒		371	2	0	0						2	2	2	2	2	2	2	2	2	2	2	2	2	2	2	4	4	4	4	4	4	4	4					
武器修理工		372	2	5000	6000	217					2	2	2	2	2	2	2	2	2	2	2	2	2	2	2	6	6	6	6	6	6	6	6	4				
Y深武器修理傅		373	2	10000	19000	217					3	3	3	3	3	3	3	3	3	3	3	3	3	3	3	8	8	8	8	8	8	8	8	6				
御用武器修理		374	2	20000	37000	217					3	3	3	3	3	3	3	3	3	3	3	3	3	3	3	10	10	10	10	10	10	10	10	8				
武器修理＜		375	2	40000	57000	217					4	4	4	4	4	4	4	4	4	4	4	4	4	4	4	10	10	10	10	10	10	10	10	10				
武器修理_人		376	2	20000	1000000	217					5	5	5	5	5	5	5	5	5	5	5	5	5	5	5	10	10	10	10	10	10	10	10	10				
武器修理王		377	2	20000	1000000	217					5	5	5	5	5	5	5	5	5	5	5	5	5	5	5	10	10	10	10	10	10	10	10	10				
防具修理W徒		381	2	0	0						2	2	2	2	2	2	2	2	2	2	2	2	2	2	2	4	4	4	4	4	4	4	4					
防具修理工		382	2	5000	6000	218					2	2	2	2	2	2	2	2	2	2	2	2	2	2	2	6	6	6	6	6	6	6	6	4				
Y深防具修理傅		383	2	10000	19000	218					3	3	3	3	3	3	3	3	3	3	3	3	3	3	3	8	8	8	8	8	8	8	8	6				
御用防具修理		384	2	20000	37000	218					3	3	3	3	3	3	3	3	3	3	3	3	3	3	3	10	10	10	10	10	10	10	10	8				
防具修理＜		385	2	40000	57000	218					4	4	4	4	4	4	4	4	4	4	4	4	4	4	4	10	10	10	10	10	10	10	10	10				
防具修理_人		386	2	20000	1000000	218					5	5	5	5	5	5	5	5	5	5	5	5	5	5	5	10	10	10	10	10	10	10	10	10				
防具修理王		387	2	20000	1000000	218					5	5	5	5	5	5	5	5	5	5	5	5	5	5	5	10	10	10	10	10	10	10	10	10				
b定W徒		391	2	0	0						2	2	2	2	2	2	2	2	2	2	2	2	2	2	2	4	4	4	4	4	4	4	4					
b定士		392	2	5000	6000	219					2	2	2	2	2	2	2	2	2	2	2	2	2	2	2	6	6	6	6	6	6	6	6	4				
Y深b定傅		393	2	10000	19000	219					3	3	3	3	3	3	3	3	3	3	3	3	3	3	3	8	8	8	8	8	8	8	8	6				
御用b定		394	2	20000	37000	219					3	3	3	3	3	3	3	3	3	3	3	3	3	3	3	10	10	10	10	10	10	10	10	8				
b定＜		395	2	40000	57000	219					4	4	4	4	4	4	4	4	4	4	4	4	4	4	4	10	10	10	10	10	10	10	10	10				
b定_人		396	2	20000	1000000	219					5	5	5	5	5	5	5	5	5	5	5	5	5	5	5	10	10	10	10	10	10	10	10	10				
b定王		397	2	20000	1000000	219					5	5	5	5	5	5	5	5	5	5	5	5	5	5	5	10	10	10	10	10	10	10	10	10				
刻印W徒		401	2	0	0						2	2	2	2	2	2	2	2	2	2	2	2	2	2	2	4	4	4	4	4	4	4	4					
刻印工		402	2	5000	6000	220					2	2	2	2	2	2	2	2	2	2	2	2	2	2	2	6	6	6	6	6	6	6	6	4				
刻印		403	2	10000	19000	220					3	3	3	3	3	3	3	3	3	3	3	3	3	3	3	8	8	8	8	8	8	8	8	6				
御用刻印		404	2	20000	37000	220					3	3	3	3	3	3	3	3	3	3	3	3	3	3	3	10	10	10	10	10	10	10	10	8				
~之刻印		405	2	20000	57000	220					3	3	3	3	3	3	3	3	3	3	3	3	3	3	3	10	10	10	10	10	10	10	10	10				
y之刻印		406	2	20000	1000000	220					3	3	3	3	3	3	3	3	3	3	3	3	3	3	3	10	10	10	10	10	10	10	10	10				
金之刻印王		407	2	20000	1000000	220					3	3	3	3	3	3	3	3	3	3	3	3	3	3	3	10	10	10	10	10	10	10	10	10				
商		411	2	0	0						2	2	2	2	2	2	2	2	2	2	2	2	2	2	2	4	4	4	4	4	4	4	4					
商		412	2	5000	6000	221					2	2	2	2	2	2	2	2	2	2	2	2	2	2	2	6	6	6	6	6	6	6	6	4				
名商		413	2	10000	19000	221					3	3	3	3	3	3	3	3	3	3	3	3	3	3	3	8	8	8	8	8	8	8	8	6				
大商		414	2	20000	37000	221					3	3	3	3	3	3	3	3	3	3	3	3	3	3	3	10	10	10	10	10	10	10	10	8				
超商		415	2	40000	57000	221					4	4	4	4	4	4	4	4	4	4	4	4	4	4	4	10	10	10	10	10	10	10	10	10				
推理＜		416	2	20000	1000000	221					5	5	5	5	5	5	5	5	5	5	5	5	5	5	5	10	10	10	10	10	10	10	10	10				
神探		417	2	20000	1000000	221					5	5	5	5	5	5	5	5	5	5	5	5	5	5	5	10	10	10	10	10	10	10	10	10				
道童		421	2	0	0						2	2	2	2	2	2	2	2	2	2	2	2	2	2	2	4	4	4	4	4	4	4	4					
道士		422	2	5000	6000	222					2	2	2	2	2	2	2	2	2	2	2	2	2	2	2	6	6	6	6	6	6	6	6	4				
半仙		423	2	10000	19000	222					3	3	3	3	3	3	3	3	3	3	3	3	3	3	3	8	8	8	8	8	8	8	8	6				
仙人		424	2	20000	37000	222					3	3	3	3	3	3	3	3	3	3	3	3	3	3	3	10	10	10	10	10	10	10	10	8				
歌仙		425	2	40000	57000	222					4	4	4	4	4	4	4	4	4	4	4	4	4	4	4	10	10	10	10	10	10	10	10	10				
A仙		426	2	20000	1000000	222					5	5	5	5	5	5	5	5	5	5	5	5	5	5	5	10	10	10	10	10	10	10	10	10				
神仙		427	2	20000	1000000	222					5	5	5	5	5	5	5	5	5	5	5	5	5	5	5	10	10	10	10	10	10	10	10	10				
o士		431	2	0	0						2	2	2	2	2	3	4	0	0	4	0	4	2	0	4	4	4	4	4	4	4	4	4					
o士		432	2	5000	6000	223					2	2	2	2	2	4	6	1	0	6	0	6	2	0	6	6	6	6	6	6	6	6	6	4				
Y深o士		433	2	10000	19000	223					3	3	3	3	3	5	8	2	0	8	0	8	3	0	8	8	8	8	8	8	8	8	8	6				
o士L		434	2	20000	37000	223					3	3	3	3	3	6	10	3	0	10	0	10	3	0	10	10	10	10	10	10	10	10	10	8				
o理＜		435	2	40000	57000	223					5	5	5	5	5	7	11	5	0	11	0	11	5	0	11	10	10	10	10	10	10	10	10	10				
超o理		436	2	20000	1000000	223					5	5	5	5	5	7	11	5	0	11	0	11	5	0	11	10	10	10	10	10	10	10	10	10				
白衣天使		437	2	20000	1000000	223					5	5	5	5	5	7	11	5	0	11	0	11	5	0	11	10	10	10	10	10	10	10	10	10				
t		441	2	0	0						2	2	2	2	2	4	3	0	0	4	0	4	2	0	4	4	4	4	4	4	4	4	4					
t		442	2	5000	6000	224					2	2	2	2	2	6	4	1	0	6	0	6	2	0	6	6	6	6	6	6	6	6	6	4				
Y深t		443	2	10000	19000	224					3	3	3	3	3	8	5	2	0	8	0	8	3	0	8	8	8	8	8	8	8	8	8	6				
御t		444	2	20000	37000	224					3	3	3	3	3	10	6	3	0	10	0	10	3	0	10	10	10	10	10	10	10	10	10	8				
神t		445	2	40000	57000	224					5	5	5	5	5	11	7	5	0	11	0	11	5	0	11	10	10	10	10	10	10	10	10	10				
t}		446	2	20000	1000000	224					5	5	5	5	5	11	7	5	0	11	0	11	5	0	11	10	10	10	10	10	10	10	10	10				
t仙		447	2	20000	1000000	224					5	5	5	5	5	11	7	5	0	11	0	11	5	0	11	10	10	10	10	10	10	10	10	10				
樵夫		451	2	0	0						2	2	2	2	2	2	2	2	2	2	2	2	2	2	2	4	4	4	4	4	4	4	4					
樵夫		452	2	5000	3000	225					2	2	2	2	2	2	2	2	2	2	2	2	2	2	2	6	6	6	6	6	6	6	6	4				
Y深樵夫		453	2	10000	12000	225					3	3	3	3	3	3	3	3	3	3	3	3	3	3	3	8	8	8	8	8	8	8	8	6				
御用樵夫		454	2	20000	25000	225					3	3	3	3	3	3	3	3	3	3	3	3	3	3	3	10	10	10	10	10	10	10	10	8				
超樵夫		455	2	40000	43000	225					4	4	4	4	4	4	4	4	4	4	4	4	4	4	4	10	10	10	10	10	10	10	10	10				
伐木＜		456	2	20000	1000000	225					5	5	5	5	5	5	5	5	5	5	5	5	5	5	5	10	10	10	10	10	10	10	10	10				
伐木王		457	2	20000	1000000	225					5	5	5	5	5	5	5	5	5	5	5	5	5	5	5	10	10	10	10	10	10	10	10	10				
C人		461	2	0	0						2	2	2	2	2	2	2	2	2	2	2	2	2	2	2	4	4	4	4	4	4	4	4					
C人		462	2	5000	3000	226					2	2	2	2	2	2	2	2	2	2	2	2	2	2	2	6	6	6	6	6	6	6	6	4				
Y深C人		463	2	10000	12000	226					3	3	3	3	3	3	3	3	3	3	3	3	3	3	3	8	8	8	8	8	8	8	8	6				
御用C人		464	2	20000	25000	226					3	3	3	3	3	3	3	3	3	3	3	3	3	3	3	10	10	10	10	10	10	10	10	8				
超C人		465	2	40000	43000	226					4	4	4	4	4	4	4	4	4	4	4	4	4	4	4	10	10	10	10	10	10	10	10	10				
狩C＜		466	2	20000	1000000	226					5	5	5	5	5	5	5	5	5	5	5	5	5	5	5	10	10	10	10	10	10	10	10	10				
神C者		467	2	20000	1000000	226					5	5	5	5	5	5	5	5	5	5	5	5	5	5	5	10	10	10	10	10	10	10	10	10				
V工		471	2	0	0						2	2	2	2	2	2	2	2	2	2	2	2	2	2	2	4	4	4	4	4	4	4	4					
V工		472	2	5000	3000	227					2	2	2	2	2	2	2	2	2	2	2	2	2	2	2	6	6	6	6	6	6	6	6	4				
Y深V工		473	2	10000	12000	227					3	3	3	3	3	3	3	3	3	3	3	3	3	3	3	8	8	8	8	8	8	8	8	6				
御用V工		474	2	20000	25000	227					3	3	3	3	3	3	3	3	3	3	3	3	3	3	3	10	10	10	10	10	10	10	10	8				
超V工		475	2	40000	43000	227					4	4	4	4	4	4	4	4	4	4	4	4	4	4	4	10	10	10	10	10	10	10	10	10				
挖掘＜		476	2	20000	10000000	227					5	5	5	5	5	5	5	5	5	5	5	5	5	5	5	10	10	10	10	10	10	10	10	10				
挖掘之神		477	2	20000	10000000	227					5	5	5	5	5	5	5	5	5	5	5	5	5	5	5	10	10	10	10	10	10	10	10	10				
超		481	1	0	0						11	11	11	11	11	11	11	11	11	11	11	11	11	11	11	10	10	10	10	10	10	10	10					
爆gW徒		1001	1	0	0						1	1	1	1	2	2	2	1	1	2	1	2	2	1	2	4	4	4	4	4	4	4	4					
爆		1002	1	5000	12000	2001					2	2	2	2	3	4	4	2	2	3	2	3	3	2	3	6	6	6	6	6	6	6	6	4				
Y深爆		1003	1	10000	55000	2001					3	3	3	3	4	5	5	3	3	4	3	4	4	3	4	8	8	8	8	8	8	8	8	6				
皇家爆		1004	1	20000	110000	2001					4	4	4	4	5	6	6	4	4	5	4	5	5	4	5	10	10	10	10	10	10	10	10	8				
赫密斯鞒姓		1005	1	40000	190000	2001					4	4	4	4	5	6	6	4	4	5	4	5	5	4	5	10	10	10	10	10	10	10	10	10				
赫密斯神再世		1006	1	1000000	1000000	2001					4	4	4	4	5	6	6	4	4	5	4	5	5	4	5	10	10	10	10	10	10	10	10	10				
水星守o神		1007	1	1000000	1000000	2001					4	4	4	4	5	6	6	4	4	5	4	5	5	4	5	10	10	10	10	10	10	10	10	10				
工		1011	2	0	0						2	2	2	2	2	2	2	2	2	2	2	2	2	2	2	4	4	4	4	4	4	4	4					
工		1012	2	5000	3000	2000					2	2	2	2	2	2	2	2	2	2	2	2	2	2	2	6	6	6	6	6	6	6	6	4				
Y深工		1013	2	10000	12000	2000					3	3	3	3	3	3	3	3	3	3	3	3	3	3	3	8	8	8	8	8	8	8	8	6				
御用工		1014	2	20000	25000	2000					3	3	3	3	3	3	3	3	3	3	3	3	3	3	3	10	10	10	10	10	10	10	10	8				
布＜		1015	2	40000	43000	2000					4	4	4	4	4	4	4	4	4	4	4	4	4	4	4	10	10	10	10	10	10	10	10	10				
布巧手		1016	2	20000	1000000	2000					5	5	5	5	5	5	5	5	5	5	5	5	5	5	5	10	10	10	10	10	10	10	10	10				
天星者		1017	2	20000	1000000	2000					5	5	5	5	5	5	5	5	5	5	5	5	5	5	5	10	10	10	10	10	10	10	10	10				
⑸丸		1018	1	20000	1000000						10	10	10	0	10	10	10	9	10	10	10	10	10	10	10	10	10	10	10	10	10	10	10					
夜叉姬		1019	1	20000	1000000						0	0	0	10	0	0	0	0	0	10	0	10	10	0	10	10	10	10	10	10	10	10	10					
帝T士		2011	1	0	10000000						11	11	11	0	4	4	4	11	11	4	11	4	0	11	4	10	10	10	10	10	10	10	10	0	0	0	0	
L狩C者		2021	1	0	10000000						5	5	5	7	11	11	11	5	4	11	4	11	0	4	11	10	10	10	10	10	10	10	10	10	0	0	0	
影武追E者		2031	1	0	10000000						10	10	10	0	10	11	11	10	1	11	0	11	0	1	11	10	10	10	10	10	10	10	10	10	0	0	0	
魔}e者		2041	1	0	10000000						0	0	0	11	0	5	5	0	0	11	0	5	11	0	11	10	10	10	10	10	10	10	10	10	10	10	10	