B	0	130000	1	6	1	100	100	143	2	1		1000				0		
T刃	1	130001	1	6	1	100	100	159	2	1		1000				0		
乾坤一S	3	130003	1	6	1	100	100	159	2	1		1000				0		
夤	4	130004	1	6	1	100	100	128	2	1		1000				0		
崩	5	130005	1	6	1	100	100	143	2	1		1000				0	140	200
u心	6	130006	1	6	1	100	100	143	2	1		1000				0	140	200
ol	7	130007	1	6	2	100	100	255	2	1		1000				0	140	200
}盾	8	130008	1	6	2	100	100	255	2	1		1000				0		
炎	9	130009	1	6	2	100	100	255	2	1		1000				0	150	200
防R魔法攻	10	130010	1	6	2	100	100	255	2	1		1000				1		
反	11	130011	1	6	2	100	100	143	2	1		1000				0	140	200
明R止水	12	130012	1	6	1	100	100	255	2	1		1000				0	140	200
抗毒	13	130013	0	6	4	5000	100	255	2	1		1000				0	150	200
抗昏睡	14	130014	0	6	4	5000	100	255	2	1		1000				0	150	200
抗石化	15	130015	0	6	4	5000	100	255	2	1		1000				0	150	200
抗酒醉	16	130016	0	6	4	5000	100	255	2	1		1000				0	150	200
抗混y	17	130017	0	6	4	5000	100	255	2	1		1000				0	150	200
抗z忘	18	130018	0	6	4	5000	100	255	2	1		1000				0	150	200
E石魔法	19	130019	3	6	1	100	100	255	2	1		1000				0	70	200
冰瞿Х	20	130020	3	6	1	100	100	255	2	1		1000				0	70	200
火焰魔法	21	130021	3	6	1	100	100	255	2	1		1000				0	70	200
L刃魔法	22	130022	3	6	1	100	100	255	2	1		1000				0	70	200
力E石魔法	23	130023	3	6	1	100	100	255	2	1		1000				0	70	200
力冰瞿Х	24	130024	3	6	1	100	100	255	2	1		1000				0	70	200
力火焰魔法	25	130025	3	6	1	100	100	255	2	1		1000				0	70	200
力L刃魔法	26	130026	3	6	1	100	100	255	2	1		1000				0	70	200
超E石魔法	27	130027	3	6	1	5000	100	255	2	1		1000				0	70	200
超冰瞿Х	28	130028	3	6	1	5000	100	255	2	1		1000				0	70	200
超火焰魔法	29	130029	3	6	1	5000	100	255	2	1		1000				0	70	200
超L刃魔法	30	130030	3	6	1	5000	100	255	2	1		1000				0	70	200
吸血魔法	31	130031	3	6	1	10000	100	255	2	1		1000				0	70	200
中毒魔法	32	130032	3	6	1	100	100	255	2	1		1000				0	80	200
昏睡魔法	33	130033	3	6	1	100	100	255	2	1		1000				0	80	200
石化魔法	34	130034	3	6	1	100	100	255	2	1		1000				0	80	200
酒醉魔法	35	130035	3	6	1	100	100	255	2	1		1000				0	80	200
混y魔法	36	130036	3	6	1	100	100	255	2	1		1000				0	80	200
z忘魔法	37	130037	3	6	1	100	100	255	2	1		1000				0	80	200
力中毒魔法	38	130038	3	6	1	5000	100	255	2	1		1000				0	80	200
力昏睡魔法	39	130039	3	6	1	5000	100	255	2	1		1000				0	80	200
力石化魔法	40	130040	3	6	1	5000	100	255	2	1		1000				0	80	200
力酒醉魔法	41	130041	3	6	1	5000	100	255	2	1		1000				0	80	200
力混y魔法	42	130042	3	6	1	5000	100	255	2	1		1000				0	80	200
力z忘魔法	43	130043	3	6	1	5000	100	255	2	1		1000				0	80	200
超中毒魔法	44	130044	3	6	1	10000	100	255	2	1		1000				0	80	200
超昏睡魔法	45	130045	3	6	1	10000	100	255	2	1		1000				0	80	200
超石化魔法	46	130046	3	6	1	10000	100	255	2	1		1000				0	80	200
超酒醉魔法	47	130047	3	6	1	10000	100	255	2	1		1000				0	80	200
超混y魔法	48	130048	3	6	1	10000	100	255	2	1		1000				0	80	200
超z忘魔法	49	130049	3	6	1	10000	100	255	2	1		1000				0	80	200
大地的祈\	50	130050	3	6	1	10000	100	255	3	1		1000				0	80	200
海洋的祈\	51	130051	3	6	1	10000	100	255	3	1		1000				0	80	200
火焰的祈\	52	130052	3	6	1	10000	100	255	3	1		1000				0	80	200
群的祈\	53	130053	3	6	1	10000	100	255	3	1		1000				0	80	200
傩苑崔D	54	130054	3	6	1	10000	100	255	3	1		1000				0	80	200
攻舴	55	130055	3	6	1	5000	100	255	4	1		1000				0	130	200
魔法反	56	130056	3	6	1	5000	100	255	4	1		1000				0	130	200
攻粑收	57	130057	3	6	1	5000	100	255	4	1		1000				0	130	200
魔法吸收	58	130058	3	6	1	5000	100	255	4	1		1000				0	130	200
攻o效	59	130059	3	6	1	5000	100	255	4	1		1000				0	130	200
魔法o效	60	130060	3	6	1	5000	100	255	4	1		1000				0	130	200
a血魔法	61	130061	3	6	4	100	100	255	4	1		1000				0	70	200
力a血魔法	62	130062	3	6	4	100	100	255	4	1		1000				0	70	200
超a血魔法	63	130063	3	6	4	15000	100	255	4	1		1000				0	70	200
恢湍Х	64	130064	3	6	4	5000	100	255	4	1		1000				0	70	200
力恢湍Х	65	130065	3	6	4	10000	100	255	4	1		1000				0	70	200
超恢湍Х	66	130066	3	6	4	15000	100	255	4	1		1000				0	70	200
Q魔法	67	130067	3	6	3	5000	100	255	3	1		1000				0	70	200
饨^回	68	130068	3	6	1	100	100	255	3	1		1000				0	70	200
精`的盟s	69	130069	0	6	5	100	100	255	2	1		1000				0	90	200
物化	70	130070	0	10	1	100	100	255	2	1		1000				0	100	200
{教	71	130071	0	6	1	100	100	255	2	1		1000				0	110	200
`I	72	130072	1	6	1	5000	100	255	3	1		1000				0	120	200
攻	73		1	6	1	100	100	255	2	1		1000				0		
防R	74		1	6	1	100	100	255	2	1		1000				0		
毒性攻	75		1	6	1	100	100	143	2	1		1000				0		
昏睡攻	76		1	6	1	100	100	143	2	1		1000				0		
石化攻	77		1	6	1	100	100	143	2	1		1000				0		
酒醉攻	78		1	6	1	100	100	143	2	1		1000				0		
混y攻	79		1	6	1	100	100	143	2	1		1000				0		
z忘攻	80		1	6	1	100	100	143	2	1		1000				0		
吸血攻	81		1	6	1	100	100	143	2	1		1000				0		
蚊的一	82		1	6	1	100	100	255	2	1		1000				0		
生命的意x	83		1	6	1	100	100	255	2	1		1000				0		
掠Z值	84		3	6	1	100	100	143	2	1		1000				0		
破难b	85		1	6	1	100	100	143	2	1		1000				0		
死神的刀	86		3	6	1	100	100	255	2	1		1000				0		
金X攻	87		1	6	1	100	100	143	2	1		1000				0		
魔法封印	88		3	6	1	100	100	255	2	1		1000				0		
物]件	89		2	6	1	100	100		2	1	3	1000				0		
召	93		1	6	1	100	100	255	2	1		1000				0		
混y攻	94	130094	1	0	1	4400	100	128	2	1		1000				0	140	200
y射	95		1	0	1	5000	100	16	2	1		1000				0	40	200
暗	96		0	0	4	5000	100	143	2	1		1000				0	150	200
大地之怒	97		1	0	1	5000	100	255	2	1		1000				0		
跳舞	98		1	0	1	5000	100	255	6	1		1000				0	160	200
捷舞	99	109900	1	0	1	2000	100	255	4	1		1000				0	160	200
霹Z舞	100	110000	1	0	1	7700	100	255	4	1		1000				0	160	200
黏巴_舞	101	110100	1	0	1	2000	100	255	4	1		1000				0	160	200
梭舞	102	110000	1	0	1	7700	100	255	4	1		1000				0	160	200
啪啦啪啦舞	103	110300	1	0	1	2000	100	255	4	1		1000				0	160	200
浩室舞	104	110400	1	0	1	7700	100	255	4	1		1000				0	160	200
w燕y舞	105		1	0	1	10000	100	1	1	1		1000				0	10	200
分身	106		1	0	1	10000	100	207	1	1		1000				0	150	200
洞察	107		1	0	1	10000	100	255	1	1		1000				0	410	200
{子吼	112		1	0	1	10000	100	128	1	1		1000				0	140	200
逃跑	150		1	6	1	100	100	255	2	1		1000				0		
移位	160		1	6	1	100	100	255	2	1		1000				0		
什N也不做	170		1	6	1	100	100	255	2	1		1000				0		
T	200		2	6	5	100	100	255	2	3	0	1000	2	4	-2	0	200	200
造斧	201		2	0	5	100	100	255	2	3	0	1000	2	4	-2	0	210	200
造	202		2	0	5	100	100	255	2	3	0	1000	2	4	-2	0	220	200
造弓	203		2	0	5	100	100	255	2	3	0	1000	2	4	-2	0	230	200
造杖	204		2	0	5	100	100	255	2	3	0	1000	2	4	-2	0	240	200
造投S武器	205		2	0	5	100	100	255	2	3	0	1000	2	4	-2	0	250	200
金	206		2	10	5	100	100	255	2	3	0	1000	1	1	1	0		200
造^盔	207		2	0	5	100	100	255	2	3	0	1000	2	4	-2	0	270	200
制帽子	208		2	0	5	100	100	255	2	3	0	1000	2	4	-2	0	280	200
造z	209		2	0	5	100	100	255	2	3	0	1000	2	4	-2	0	290	200
制衣服	210		2	0	5	100	100	255	2	3	0	1000	2	4	-2	0	300	200
制L袍	211		2	0	5	100	100	255	2	3	0	1000	2	4	-2	0	310	200
制L靴	212		2	0	5	100	100	255	2	3	0	1000	2	4	-2	0	320	200
制鞋	213		2	0	5	100	100	255	2	3	0	1000	2	4	-2	0	330	200
造盾	214		2	0	5	100	100	255	2	3	0	1000	2	4	-2	0	340	200
料理	215		2	0	5	100	100	255	2	3	0	1000	-2	3	3	0	350	200
u	216		2	0	5	100	100	255	2	3	0	1000	-2	2	4	0	360	200
修理武器	217		2	10	5	100	100	255	2	2	1	1000	3	3	-2	0	370	200
修理防具	218		2	10	5	100	100	255	2	2	1	1000	3	3	-2	0	380	200
b定	219		2	10	5	100	100	255	2	2	1	1000	-2	1	5	0	390	200
刻印	220		2	1	5	100	100	255	2	1	1	1000			1	1		
b	221	130221	2	6	1	5000	100		5	1	2	1000	0	0	0	0	410	200
身	222	130222	2	6	1	5000	100		5	1	2	1000	0	0	0	0	420	200
急救	223		2	6	1	100	100		2	2	2	1000	3	-2	3	0	430	200
治	224		2	6	1	100	100		2	2	2	1000	1	-2	5	0	440	200
伐木	225		2	6	1	100	100		2	1	3	1000	5	1	-2	0	450	200
狩C	226		2	6	1	100	100		2	1	3	1000	5	1	-2	0	460	200
挖掘	227		2	6	1	100	100		2	1	3	1000	5	1	-2	0	470	200
挖掘w	250		2	1	1	0	100		0	3	3	1000				1		
伐木w	251		2	1	1	0	100		0	3	3	1000				1		
造w	252		2	1	1	0	100		0	3	0	1000				1		
狩Cw	253		2	1	1	0	100		0	3	3	1000				1		
~	254		2	6	1		100		2	1	3	1000				0		
b	255	130228	2	0	5	10000	100		1	1	0	1000	0	0	0	1		
物散步	256	3007010	0	6	1	100	100		2	1		1000				0		
突L	257	54	1		1	100	100		2	1		1000				0		
アシッド	258	54	1		1	100	100		2	1		1000				0		
バリア	259	54	1		1	100	100		2	1		1000				0		
座T	260	3007207	1		2	5000	100		2	1		1000				0		
人合ATK	261	3007386	1		1	5000	100		2	1		1000				0		
等控制	262		1		1	5000	100		2	1		1000				0		
人合MND	263	3007386	1		1	5000	100		2	1		1000				0		
戒戒躁	1001	3007166	1	6	1	6000	100	135	2	1		1000				0	20	105
一舯刂	1002	3007166	1	6	1	6000	100	112	2	1		1000				0		105
毒	1003	3007190	1	6	1	6000	100	120	2	1		1000				0		105
一石二B	1004	3007191	1	6	1	6000	100	135	2	1		1000				0	30	105
T士之u	1005	3007192	1	6	2	6000	100	135	2	1		1000				0	30	105
迅速果	1006	3007193	1	6	1	6000	100	143	2	1		1000				0	10	105
羊^狗肉	1007	3007194	1	6	1	6000	100	255	3	1		1000				0		
死樯	1008	3007195	0	6	4	6000	100	135	2	1		1000				0		105
T乘	1009	3007196	4	6	5	6000	100	0	2	1		1000				0		100
因果	1010	3007201	1	6	1	6000	100	64	2	1		1000				0		105
精神n舨	1011	3007382	3	6	1	6000	100	255	2	1		1000				0		105
剪取	2000		2	6	1	100	100		2	1	3	1000	5	1	-2	0	1010	200
炸D化	2001	1109393	2	0	5	5000	100	255	2	2	0	1000	-2	3	3	0	1000	200
投S	2002	1109394	3	1	1	5000	100	255	1	1		1000				0	0	200
剪取w	2003		2	1	1	0	100		0	3	3	1000				1		
品T造	2004	1109735	2	0	5	10000	100	255	2	1	0	1000	-2	1	2	0	0	200
追月	2005	1110189	1	6	1	10000	100	7	2	1		1000				0		200
爆破箭	2006	1110189	1	10	1	10000	100	16	2	1		1000				0		200
o限追月	2007	1110189	1	10	1	10000	100	7	2	1		1000				0		200
爆破wS	2008	1110189	1	10	1	10000	100	32	2	1		1000				0		200
活ⅣY	2009	1110189	1	10	1	10000	100	128	2	1		1000				0		200
#
By被	508	130071	0	6	4	5000	100	255	2	1		1000				0	0	0
可培育	228		2	1	5	30000	100	255	2	1	0	1000				0	100	200
可陷阱	229		2	1	1	30000	100		2	1	3	1000				0	110	200
物技能	2011	1110189	1	10	1	10000	100	255	2	1		1000				0		200
完全治Kg	2010	1110189	3	10	1	10000	100	8	2	1		1000				0		200
物物理技能	2011	1110189	1	10	1	10000	100	255	2	1		1000				0		0
物魔法技能	2012	1110189	3	10	1	10000	100	255	2	1		1000				0		0
雷爆之g	2013	130004	1	6	1	100	100	8	2	2		1000				0		
超雷爆之g	2014	130004	1	6	1	100	100	8	2	2		1000				0		
#攻化之g	2015	130004	1	6	1	100	100	8	2	2		1000				0		
倍化之g	2015	130004	1	6	1	100	100	8	2	2		1000				0		
防R化之g	2016	130004	1	6	1	100	100	8	2	2		1000				0		
七罪嗄	3100		1	6	1	5000	100	255	2	1		1000				0		
